1 0.13125 0.12421875 0.21640625 0.2328125
3 0.634375 0.62890625 0.196875 0.2234375
0 0.36640625 0.128125 0.2140625 0.22109375
4 0.61875 0.1265625 0.19453125 0.209375
2 0.87421875 0.1296875 0.2140625 0.21640625
1 0.1234375 0.38359375 0.196875 0.2140625
2 0.3703125 0.3890625 0.20703125 0.21875
2 0.6140625 0.3859375 0.209375 0.22578125
2 0.8859375 0.3859375 0.178125 0.228125
1 0.12421875 0.63671875 0.1921875 0.2140625
3 0.36875 0.621875 0.209375 0.22578125
0 0.86875 0.6265625 0.209375 0.228125
2 0.121875 0.8890625 0.228125 0.22109375
3 0.36953125 0.89140625 0.2203125 0.2171875
3 0.634375 0.884375 0.19453125 0.23046875
2 0.8859375 0.88203125 0.228125 0.2359375