1 0.13774917093374792 0.1348863307086125 0.25362334186749586 0.2681150730349427
3 0.6710046178229192 0.6769763130861877 0.22624179451244916 0.25203978714217146
0 0.3738686814570916 0.15588960540322913 0.22698524715740262 0.2380956863123343
4 0.6261214261954198 0.1734485713845575 0.21917274715740262 0.23750369046151915
2 0.8792702710466873 0.19593183570621192 0.24145945790662537 0.2520164763542906
1 0.14577929174043894 0.39294728444287885 0.2158657366340589 0.23414189212119307
2 0.39297281015629043 0.4171231033286366 0.23534377872743367 0.24806268216314925
2 0.6365407996329467 0.4324683738740684 0.23901481029746474 0.2576744805034755
2 0.9006586946112712 0.45306982948243457 0.19868261077745758 0.2589050937808672
1 0.16130339413127848 0.6461314840279604 0.2276222839891055 0.2490331863123343
3 0.404970094145396 0.6498172041584737 0.22578676820408994 0.24422728714217126
0 0.8936491023908395 0.6923924386106413 0.21270179521832092 0.25743768216314944
2 0.17273923599877436 0.886837149170163 0.2491332629424181 0.22632570165967394
3 0.4203499833679384 0.8953502340279604 0.25391176820408995 0.20929953194407921
3 0.6847842096904151 0.8987381110023065 0.23441831555913667 0.20252377799538693
2 0.9032277706937515 0.9062331475197778 0.19354445861249694 0.18753370496044433