1 0.14790294220506534 0.12027354377944446 0.2583058844101307 0.24054708755888893
3 0.6555044669568257 0.5785032321860197 0.23349688539871388 0.2664232482565737
0 0.38471719269935695 0.1116323384306021 0.2474957184025195 0.2232646768612042
4 0.6373792776803289 0.1009990518612042 0.22979888243296429 0.2019981037224084
2 0.8856974194676523 0.09599069443884334 0.2286051610646954 0.19198138887768668
1 0.14243282809807079 0.35917136550412065 0.22667388243296432 0.2518139441095366
2 0.3898808310638203 0.3516351016961582 0.23630355041774198 0.25888415033009216
2 0.6338536655505006 0.33577848996171417 0.22992621642535305 0.25521234618305516
2 0.8973518204179607 0.32136750956560356 0.20529635916407862 0.27171634099925884
1 0.1449343814815622 0.6129798706879168 0.22198638243296434 0.25140384099925883
3 0.3899922134967846 0.5852678079167136 0.2396832184025195 0.2654075524036106
0 0.8875377631173176 0.5634668266721313 0.22492447376536476 0.25833734618305504
2 0.14968418437076203 0.8642395743165743 0.23761138243296434 0.25277085136685146
3 0.3913769358536368 0.8501505141372693 0.25805121642535306 0.25767296484472196
3 0.6562206858536368 0.8269796884065753 0.22530238342154743 0.2563647430727773
2 0.8874097470714315 0.8053809245986129 0.2251805058571371 0.2590987638079625