4 0.12718010876629796 0.1426888601898429 0.2543602175325959 0.2478777203796858
1 0.37757380073134866 0.13656483007523715 0.22890011606989863 0.23260554745199236
3 0.6257794756502708 0.15996913247014538 0.23545012499835244 0.25004771543676996
2 0.8829470933450224 0.16262985334412278 0.2341058133099551 0.26248404844057555
0 0.12320192349923523 0.37940761018984287 0.24640384699847045 0.2569343853987139
2 0.3636577564961171 0.3963390780980708 0.21971603084255104 0.24316104547482595
1 0.6119588888013654 0.4142746304929791 0.21061376623205455 0.25840404349765966
3 0.8639032183466702 0.4026500168802761 0.21966148376465036 0.24003604547482596
0 0.11348225284266908 0.637060942699357 0.22696450568533816 0.2451055474519924
4 0.3500553579588144 0.6381445761209045 0.21373876623205437 0.25853137749004845
3 0.614090584419864 0.6504667984777566 0.22909103084255095 0.2435430474519924
4 0.8671883108809137 0.6623433518612479 0.21675467207625304 0.2524087114824372
0 0.10984696388244324 0.8758767504942917 0.21969392776488647 0.24824649901141668
0 0.33711147849623513 0.877845110189843 0.19975808684890542 0.24430977962031405
4 0.6066290917267599 0.8839107208739774 0.22004331330995514 0.23217855825204517
0 0.8558069314183344 0.8909658285923623 0.25589899269310407 0.21806834281527543