4 0.1453125 0.11960210497902186 0.290625 0.23920420995804373
1 0.39668406817740987 0.10641317551516483 0.2628818636451803 0.21282635103032965
3 0.6413270174188055 0.11965086379023424 0.2828753703131401 0.23930172758046847
2 0.8828767886306329 0.11223250994875493 0.23093023304023638 0.22446501989750986
0 0.12680999060203432 0.3380775726107354 0.25361998120406865 0.2891146572680401
2 0.34848658680416333 0.3439444512354667 0.2547823212215256 0.26775987552445357
1 0.5941021046820107 0.35017818276462737 0.24005014152496748 0.27751338382282337
3 0.8468284919549145 0.326369216783299 0.2512746839486219 0.26283557718412764
0 0.10430563635481971 0.5953339655571211 0.20861127270963942 0.29058206888575777
4 0.30228204012844484 0.5865822371282381 0.2331624127367947 0.26922728714217126
3 0.5639051952791959 0.5869444769557686 0.2761151872826019 0.2817990647365729
4 0.8154996461875814 0.5865138113893587 0.23902977546389118 0.26501338382282336
0 0.08282963589577774 0.8345032093333437 0.16565927179155548 0.2872435813333126
0 0.2573211290586401 0.8330078738508465 0.2538255991013128 0.2940855771841274
4 0.524078194361112 0.8275461661678879 0.2582899584944293 0.27268417386477956
0 0.770522759663584 0.8236236476970487 0.2730540890993732 0.2442990647365729