0 0.12192674985882565 0.15107415036059038 0.24148736291418324 0.26152330072118074
0 0.3596164656579587 0.1464639580156253 0.23092929451244926 0.24099259517409738
2 0.6053916972421072 0.146723103626563 0.21337777346576187 0.2343425516711113
1 0.8649641183170294 0.129358991353716 0.2111782366340588 0.2233686840799307
1 0.13965809435715743 0.4019281355429515 0.24801037869919879 0.26635627108590293
2 0.3929273075254545 0.396900369109792 0.24719133134415205 0.2522937710859029
4 0.6342502575395719 0.3876935957427783 0.2579468208208084 0.24942334422416684
3 0.890689973338705 0.3835198144919799 0.20565627872743378 0.2357232137152085
2 0.16828143622465327 0.6522554438635766 0.26979437343752694 0.2653029173624308
2 0.4094678783462629 0.6407049204965628 0.2548064102692299 0.27587674145062524
2 0.665035338883724 0.6349504554501741 0.28660244183926087 0.2859790932742364
0 0.8960726642507773 0.6243630200390633 0.2078546714984455 0.2756221683123613
3 0.19208847547543068 0.8837574041603125 0.2666847839891055 0.2324851916793751
2 0.4425512070595792 0.8813071642282987 0.2501343208208084 0.23738567154340268
2 0.6793686675970403 0.8727338842602259 0.25297089448421434 0.25453223147954807
0 0.910956970707869 0.871573713999549 0.17808605858426213 0.25685257200090206