0 0.1265625 0.12890625 0.22578125 0.2453125
0 0.3703125 0.13125 0.20703125 0.22578125
2 0.61640625 0.13828125 0.1828125 0.2140625
1 0.8796875 0.1234375 0.18046875 0.21875
1 0.121875 0.3796875 0.209375 0.240625
2 0.3765625 0.38203125 0.20703125 0.2234375
4 0.61875 0.3796875 0.228125 0.228125
3 0.8765625 0.3828125 0.18046875 0.22109375
2 0.1234375 0.6296875 0.21875 0.22578125
2 0.365625 0.625 0.20703125 0.24296875
2 0.62265625 0.6265625 0.2359375 0.24765625
0 0.87265625 0.6234375 0.2015625 0.24765625
3 0.12109375 0.87578125 0.2328125 0.2359375
2 0.371875 0.8796875 0.21875 0.240625
2 0.61015625 0.878125 0.1984375 0.24375
0 0.8765625 0.8796875 0.19921875 0.240625