0 0.14756872528542064 0.12784041275701916 0.2517375494291587 0.2513103997675689
0 0.39012363981015713 0.15498669284641897 0.2572527203796858 0.27195068169855413
2 0.63538971885963 0.19250774422314224 0.22711955140632512 0.2589372294689812
1 0.8923254683653384 0.21282487010549764 0.21318438539871387 0.2610788836760255
1 0.11846285127400383 0.3630841440675857 0.23692570254800766 0.273873814618275
2 0.36993983790954044 0.4003702486626176 0.25100272037968574 0.2715136391239071
4 0.6107412514456938 0.4320947681083557 0.2569343853987139 0.26413818169855413
3 0.8669129969970694 0.4711618939907112 0.21292971741393635 0.2548288836760255
2 0.1106669500765497 0.6115380695619536 0.2213339001530994 0.2762011391239071
2 0.33194645349940977 0.6405910570767064 0.25651789133021285 0.2921539210548925
2 0.5874006160469799 0.678041052637231 0.2882135603035737 0.30527663392812715
0 0.8368276130812304 0.7095852556231086 0.2583987263111851 0.30007568169855414
3 0.09954642486767874 0.8548510269873066 0.19909284973535749 0.2847020539746133
2 0.3098818166178211 0.8790697769873066 0.24475272037968576 0.24186044602538673
2 0.5463140651349464 0.8930062268710911 0.23349688539871388 0.21398754625781785
0 0.8124338136520717 0.9090514799731843 0.25011138243296427 0.18189704005363155