4 0.125 0.1265625 0.18046875 0.23046875
4 0.3765625 0.8796875 0.19921875 0.23046875
4 0.625 0.88046875 0.178125 0.2140625
4 0.871875 0.8859375 0.165625 0.228125
1 0.3796875 0.1296875 0.19921875 0.228125
1 0.628125 0.13125 0.19921875 0.21640625
1 0.8796875 0.371875 0.196875 0.228125
0 0.87421875 0.12890625 0.2015625 0.2234375
0 0.3765625 0.384375 0.18515625 0.209375
0 0.38125 0.628125 0.19453125 0.22578125
0 0.63203125 0.625 0.2140625 0.228125
2 0.1265625 0.37421875 0.18515625 0.2234375
2 0.6296875 0.37734375 0.178125 0.2234375
2 0.11640625 0.871875 0.1828125 0.22109375
3 0.1234375 0.6203125 0.196875 0.23828125
3 0.878125 0.628125 0.19453125 0.21640625