3 0.12265625 0.1234375 0.2046875 0.246875
1 0.378125 0.1234375 0.165625 0.240625
1 0.63046875 0.1203125 0.1921875 0.23828125
0 0.8859375 0.1296875 0.16328125 0.23046875
1 0.1296875 0.3796875 0.22109375 0.24765625
1 0.384375 0.38125 0.16796875 0.25
1 0.6328125 0.38203125 0.196875 0.2453125
4 0.86875 0.3796875 0.21171875 0.24296875
1 0.1203125 0.6296875 0.20703125 0.25
4 0.3734375 0.6265625 0.178125 0.23828125
3 0.63125 0.6296875 0.21640625 0.25234375
1 0.8734375 0.628125 0.22109375 0.25234375
1 0.128125 0.8859375 0.17578125 0.228125
3 0.3796875 0.8796875 0.24765625 0.240625
3 0.61875 0.88359375 0.18984375 0.2328125
2 0.87734375 0.88203125 0.2453125 0.2359375