4 0.10059943666454556 0.1672035615161819 0.20119887332909112 0.2719071230323638
4 0.39990197788036913 0.8916843914696957 0.22620106269890758 0.2166312170606087
4 0.6477127692155055 0.8931672589281272 0.2121749253659985 0.21366548214374567
4 0.8909087858848235 0.8897441050992351 0.20134651336727102 0.2205117898015299
1 0.3460108393141373 0.16571674321473603 0.24211696403563465 0.27921687848024546
1 0.5938943559834554 0.16350330523512105 0.23094310669954404 0.2581395539746133
1 0.8632421506206385 0.39970215723226293 0.22320333203372583 0.26384325075630455
0 0.8393341253182734 0.16971972629001345 0.23383174936345305 0.23804557526193676
0 0.3625876226130025 0.42098875126050767 0.20418061203054397 0.2390946230323639
0 0.38554167524668587 0.6657603018809264 0.2295260573679075 0.27053029333095147
0 0.6350513265834129 0.658187374544973 0.2609396893698165 0.2867780062041863
2 0.11245126261141163 0.4152257982746301 0.2153726507001803 0.26173444753799585
2 0.6144864772835932 0.4096734648900471 0.2075237880330894 0.25806314431968735
2 0.13966391187941465 0.8895923777239408 0.2275999306969986 0.22081524455211826
3 0.1275655432447768 0.66179479567674 0.23276014536918016 0.28012381461827507
3 0.8805820025859582 0.6565912955998655 0.21837038136536221 0.2510154688253195