4 0.1354514050794759 0.11910393080362847 0.1973561827542901 0.23820786160725693
4 0.4000596414541139 0.8656178146857982 0.23685519237293703 0.2553096683123613
4 0.6487972418169335 0.8684291176880897 0.1984276094333124 0.22787434612402785
4 0.8950274010727608 0.866607472077152 0.1829117368379741 0.23063567021222225
1 0.3903844417399648 0.11978288369154502 0.21923118275429002 0.23956576738309004
1 0.6390401965492881 0.12088882917064214 0.23496531015895172 0.24177765834128429
1 0.8927963963678783 0.3583767447785756 0.2144072072642434 0.24553462480937513
0 0.8834077388837407 0.12037772326296843 0.23318452223251854 0.24075544652593686
0 0.3922470752198942 0.37321210913871494 0.2012797909216581 0.220134581306389
0 0.4007590127835078 0.616962109138715 0.2161061827542902 0.24233688962701408
0 0.6515948264858386 0.6126876107542356 0.25264388347992933 0.26036084422416683
2 0.14175600189891652 0.364968423727604 0.20020836424263583 0.2341607137152085
2 0.6452902296663979 0.36497680936746474 0.21001987386128268 0.24687891926229177
2 0.1403572592401287 0.8622798348217706 0.19702880054030497 0.23252547853284752
3 0.14253728501602633 0.6112440116835068 0.22123019237293695 0.2549459924005557
3 0.8954129814380873 0.6139909651432978 0.20917403712382523 0.23292552203583342