3 0.12265625 0.13026597280760172 0.2296875 0.2602592102257
1 0.37734375 0.13158655965650712 0.1859375 0.25324555113509045
1 0.63046875 0.13444237296646216 0.2140625 0.2506114748361966
0 0.8859375 0.14515159658484275 0.16875 0.23732054220663673
1 0.1296875 0.3819512037328782 0.2375 0.2666455779204517
1 0.384375 0.38795929058178363 0.196875 0.2690614659077427
1 0.6328125 0.3930770332748877 0.21875 0.2663182954530476
4 0.86875 0.39485158765638906 0.228125 0.2633569366867496
1 0.1203125 0.6317875624991762 0.23125 0.27278648376465037
4 0.3734375 0.6330808758091312 0.196875 0.2565614659077429
3 0.63125 0.6407060097359374 0.228125 0.2664819366867496
1 0.8734375 0.6433709082732401 0.246875 0.27930921915415363
1 0.12734375 0.8838801221589787 0.1890625 0.23223975568204266
3 0.37890625 0.8811290434244526 0.2484375 0.23774191315109477
3 0.61796875 0.8825842236183806 0.2140625 0.2348315527632387
2 0.871875 0.8830536022701809 0.25625 0.23389279545963823