3 0.15149108020561533 0.12116480581619873 0.26235716041123064 0.24232961163239747
1 0.4056158514929388 0.11472949949579692 0.22373170298587758 0.22945899899159383
1 0.6581234924584314 0.10713320784194266 0.2268567029858776 0.21426641568388533
0 0.9088504761147865 0.10742047200428714 0.182299047770427 0.21484094400857429
1 0.16190332836402993 0.3505959436795982 0.26076180942249494 0.28256039976756897
1 0.4168475544788164 0.34768483908456627 0.2190113519971419 0.28586036238870205
1 0.666268400271772 0.3443748967423504 0.22718448491686266 0.2693284262506725
4 0.8857950243894166 0.33808741987125923 0.2284099512211668 0.28724789976756887
1 0.15740077070624578 0.6005630926908625 0.2485895913534802 0.2863738146182751
4 0.410509345211878 0.5938549987394922 0.21457522427320122 0.26689184110137865
3 0.6687424622921571 0.5930691228571369 0.25149607006615665 0.2834673359055985
1 0.8855870287904548 0.5870712230895679 0.22882594241909046 0.30574652749150977
1 0.1681790056231086 0.8557422655873402 0.21849789976756892 0.25628212303236386
3 0.4199600269104321 0.8412763019578009 0.3014960700661568 0.2869636765027742
3 0.6593885136688803 0.8410203037993863 0.22107659654926018 0.24868814431968717
2 0.8853079773752942 0.8224841992043543 0.22938404524941164 0.25473033070981826