2 0.12734375 0.1234375 0.2046875 0.23046875
3 0.37421875 0.12734375 0.2140625 0.2328125
2 0.63203125 0.12265625 0.2046875 0.2359375
3 0.88671875 0.125 0.2046875 0.23828125
3 0.1203125 0.378125 0.21640625 0.240625
4 0.3796875 0.384375 0.21640625 0.24296875
3 0.63671875 0.38515625 0.2015625 0.2453125
3 0.8796875 0.384375 0.209375 0.23046875
3 0.125 0.6359375 0.196875 0.209375
4 0.3609375 0.63984375 0.19453125 0.2140625
4 0.6203125 0.6296875 0.21640625 0.21875
2 0.87734375 0.62421875 0.2359375 0.2140625
4 0.37109375 0.8859375 0.2140625 0.228125
2 0.62734375 0.8890625 0.2015625 0.22109375
1 0.88359375 0.884375 0.2328125 0.23046875