2 0.15950174414626753 0.12369921597532785 0.24662151170746496 0.24215392105489242
3 0.40552277127363057 0.1534077673520511 0.24832945745273882 0.2672631816985541
2 0.6632625484009936 0.1839357735562374 0.24530445140261464 0.28423216041123067
3 0.900630738194339 0.22319964139282109 0.19837490924813678 0.2715793411013786
3 0.1300222806434045 0.3545450243894166 0.24058058996629614 0.27765437848024543
4 0.3876666090004316 0.4014792805936029 0.26572603571157005 0.3044025487788332
3 0.6437802536142373 0.44283552615412736 0.22810786104353512 0.28146779333095145
3 0.8827245789462023 0.4798649046343729 0.23116922852997773 0.2707488146182751
3 0.11133487139526757 0.6111556573091376 0.22009537314378344 0.24654649011264293
4 0.3455689708295335 0.6517635038583978 0.2358294574527388 0.2663890965492602
4 0.6048712479568966 0.6824007707062458 0.25303513817089823 0.2707159636295394
2 0.8579007991865606 0.7165072449794468 0.27336581888905725 0.2752613519971419
4 0.3324412151721927 0.8785507889299135 0.24991922852997775 0.24289842214017304
2 0.5870423567609364 0.9008733571929219 0.2419703731437835 0.19825328561415603
1 0.8377963356836975 0.9139192964330448 0.26535333098930564 0.17216140713391043