2 0.11098284486618884 0.15648950287493793 0.21787133197589004 0.26827099425012413
3 0.3433892311168074 0.1314576164355293 0.2753496393028363 0.2629152328710586
2 0.5970940852552504 0.10443318211245423 0.2629381705105008 0.20886636422490845
3 0.8502224072815178 0.078811815592336 0.24106981456303558 0.157623631184672
3 0.13674856399720864 0.40859413681386164 0.24352642921692808 0.2828117263722767
4 0.38880903098052183 0.36761922407706693 0.27090780076822557 0.30060500425206377
3 0.6437078929208809 0.3209204698250031 0.25026775214770647 0.29269690940281484
3 0.8742364393936933 0.2746521502704674 0.2515271212126134 0.29279250425206377
3 0.17674055743848793 0.6626758589340745 0.2439425090451115 0.2610642721299111
4 0.4108322744218012 0.6231677224100769 0.24591444482076028 0.2690043178875456
4 0.6658982326986871 0.564686445279196 0.2746126549066684 0.2822376415249675
2 0.8861333310713789 0.5122318986034775 0.2277333378572422 0.27834736697916024
4 0.4562996619156152 0.8469879886209345 0.273466234734852 0.26036264152496746
2 0.7119355082521419 0.8143517343688707 0.2585782191310198 0.27314968394862194
1 0.9074052227490643 0.7625827139059493 0.18518955450187136 0.2884239975841041