3 0.12287201322898304 0.1369358313176371 0.24435194482076034 0.2526908373647258
2 0.3798213760738533 0.13238250194941142 0.23818383197589005 0.25418061203054404
3 0.624106964608464 0.12517962396563795 0.2348950576656305 0.2503592479312759
4 0.865966915987945 0.120595571948616 0.2177075576656307 0.241191143897232
0 0.14399117593756772 0.3907511746499098 0.25932184757972226 0.2403726507001803
3 0.39736515942922435 0.37764045794877504 0.2142616530976463 0.2148635733609078
4 0.6549319979638352 0.3699530379137767 0.2372830732694627 0.23699311203054405
1 0.8894707722740947 0.37035083788195994 0.2154966044771271 0.20863175469445325
4 0.15923215287050363 0.6368176526495917 0.23374863749381403 0.22914424936345307
1 0.4039714427845954 0.6230256832829568 0.23308689620024126 0.2463135680299077
4 0.6659358542499847 0.6246678099140949 0.23835425033868418 0.2276362933640895
3 0.8927485012431955 0.6117116345480964 0.21450299751360902 0.24952947469763487
1 0.17500871833805032 0.8781875399825008 0.22042312188998178 0.24304311736154424
3 0.4306412426483098 0.8783398919478206 0.21853307326946272 0.2367749360279987
2 0.6838481298034396 0.8769570159134584 0.22141241180407362 0.23212379869508978
2 0.9184793812180068 0.8692695958784601 0.1630412375639864 0.23197834802672618