3 0.121875 0.13125 0.22109375 0.240625
2 0.37890625 0.134375 0.2015625 0.23046875
3 0.6234375 0.134375 0.21640625 0.24296875
4 0.865625 0.13203125 0.18515625 0.2328125
0 0.12421875 0.38671875 0.2453125 0.2328125
3 0.3796875 0.3796875 0.19921875 0.209375
4 0.6375 0.3796875 0.21171875 0.22109375
1 0.871875 0.38671875 0.19921875 0.2015625
4 0.1234375 0.63203125 0.209375 0.2140625
1 0.36875 0.625 0.19921875 0.22578125
4 0.63046875 0.634375 0.2140625 0.21171875
3 0.87109375 0.628125 0.2046875 0.22578125
1 0.12265625 0.8796875 0.1921875 0.240625
3 0.378125 0.884375 0.19453125 0.23046875
2 0.63125 0.8890625 0.196875 0.22109375
2 0.8890625 0.8890625 0.18515625 0.22109375