3 0.14499791442319182 0.1300236019430801 0.2649958288463836 0.25888281017246645
2 0.4021882887963712 0.14746377481199363 0.22910379295300629 0.2587714942090317
3 0.6463020016493527 0.1713166135205074 0.2595641827655918 0.286716711744043
4 0.8887850183424002 0.1927529276219153 0.2119162929530063 0.25797097353086734
0 0.14191133300301872 0.372519316996892 0.2698651852728743 0.26535113399378407
3 0.3968034214828208 0.3914128279551468 0.23820600831327016 0.24983314185166688
4 0.6550023663891136 0.4167018881276133 0.23655258010002492 0.246635367244561
1 0.885880152942565 0.44711294188993894 0.22823969411487005 0.24031259263745514
4 0.135009429796091 0.6179580955329393 0.23972304420664753 0.24834341645877273
1 0.38048105416927036 0.6348524588485589 0.2450015775927424 0.2688742402800903
4 0.6421005157686106 0.6704433182352372 0.24436508010002492 0.24699924028009032
3 0.8798353987526764 0.6879006077295392 0.24032920249464737 0.2658220148871962
1 0.1273262765891633 0.8633604867654338 0.21200722116625167 0.26109597353086755
3 0.3832496676553901 0.8807673876131392 0.2275412929530063 0.23846522477372148
2 0.6351986125616829 0.8991803244404901 0.22217183135366608 0.20163935111901984
2 0.8902950087089817 0.9090540922231704 0.21940998258203664 0.18189181555365935