0 0.13849481065040062 0.11854322166117096 0.2065817418957307 0.23612817394668237
0 0.3837541027437754 0.10263124370649324 0.19582625241907436 0.20526248741298647
0 0.8813347580336821 0.10109348051550573 0.22026481029746492 0.20218696103101147
0 0.5904411163920653 0.5823841283097341 0.23736130503579284 0.25730154334173855
3 0.6232415369728773 0.10241641317159085 0.18801375241907436 0.2048328263431817
3 0.12074805560049025 0.34314460893407456 0.23073187343752694 0.2769763145535659
3 0.8328183321911983 0.5727070129975639 0.24139635765251127 0.2731816348570078
3 0.30455130609460046 0.8452020901381433 0.2392878260824803 0.263679089099373
4 0.36106224246042806 0.3421887893795389 0.22495231029746474 0.2578436772806622
4 0.6134136977362173 0.3348076266427441 0.21723081555913665 0.2587684484924896
4 0.08245175956086158 0.8498568656020342 0.16490351912172316 0.26020340273485515
4 0.7957377482162101 0.8222126764832645 0.23296223137238706 0.23517145182646929
2 0.8585973951194988 0.3303441698153048 0.2298218208208084 0.2613513145535659
2 0.09280782522587894 0.5913428639350444 0.18561565045175787 0.267505719704317
2 0.3314679347937992 0.5833079969558842 0.23431189974588626 0.28504390606883484
1 0.5436138060946005 0.8256875892200594 0.2412143471291678 0.2700566348570074