3 0.1451391796933391 0.1369456900324213 0.2746533593866782 0.27316363399378407
0 0.3957748804791274 0.14550101447291144 0.21226036724456102 0.2390754243166556
4 0.6438870487999269 0.1835619023956369 0.22000009263745532 0.23787679735218492
1 0.8846393464639528 0.19168057919349185 0.23072130707209446 0.25557371960192593
1 0.14539185256225262 0.3934311304791274 0.2364598465663966 0.22305231803034928
1 0.39450144065159387 0.40269493031251163 0.25259426881613756 0.23471756410140793
3 0.6532771271693585 0.418645377788531 0.23039393713693707 0.26018844499482013
0 0.8892894400324213 0.44178974110415065 0.2214211199351574 0.256010367244561
0 0.1494758467712844 0.615015032050704 0.253394789494302 0.2519050641014079
0 0.38833929362813124 0.6386131596343472 0.246635367244561 0.24067646567298445
2 0.6517125889134016 0.6695892936281312 0.22178091645877274 0.24263707195929066
2 0.8957567447257604 0.6924982164970448 0.20848651054847914 0.2354795434232436
2 0.1666613085153274 0.8668322431755744 0.26433228949430204 0.25241448635114877
3 0.3897542061579625 0.8760884459258336 0.24794531017246654 0.24782310814833294
2 0.6551437657112565 0.8937479617440431 0.23286396567298445 0.2125040765119138
2 0.8865070041338292 0.8984248072769823 0.22698599173234157 0.2031503854460354