3 0.12240167686173611 0.1526541092012597 0.24480335372347223 0.26155821840251947
0 0.3672030709540624 0.1486828280980708 0.19415396276527802 0.2264537065395214
4 0.6145501964290276 0.1720552969948818 0.20196646276527802 0.22677204152049332
1 0.8563201223408333 0.16626684790691532 0.20530966831236128 0.23627437551288208
1 0.11527689504225683 0.4119972757031626 0.23055379008451365 0.2266102154367699
1 0.3619654846136802 0.407308411596168 0.26344947663298635 0.2526925543720745
3 0.6200143739563538 0.4076572159682426 0.20233013867708358 0.2423970415204934
0 0.8653450577519441 0.4168716843707621 0.22420513867708358 0.2432883794672147
0 0.11668287314859353 0.6339041092012597 0.23336574629718707 0.2412457184025195
0 0.35176829454982583 0.6438361606075848 0.24131990349472243 0.24086371642535304
2 0.6141591917762842 0.6592197159682426 0.20836193313000032 0.23327670950527093
2 0.8704819269586453 0.6665361033441227 0.23503353590354195 0.23904654844057555
2 0.12389334826296843 0.8836487939733608 0.24778669652593685 0.23270241205327835
3 0.34832959755211734 0.8825962771860374 0.22758471181534734 0.2348074456279253
2 0.613082428574166 0.8924003473568523 0.21642900626826406 0.21519930528629558
2 0.8491835827344785 0.8921449973185773 0.21501197663298618 0.21571000536284543