3 0.12578125 0.14140625 0.2328125 0.2328125
0 0.3765625 0.13125 0.18515625 0.21640625
4 0.62421875 0.14921875 0.1921875 0.2140625
1 0.865625 0.1375 0.1875 0.21875
1 0.1234375 0.40078125 0.21640625 0.2015625
1 0.37265625 0.38984375 0.2328125 0.2140625
3 0.63125 0.384375 0.1875 0.22578125
0 0.8765625 0.3875 0.209375 0.22578125
0 0.1203125 0.6234375 0.228125 0.21171875
0 0.3640625 0.6265625 0.22109375 0.21640625
2 0.6265625 0.6359375 0.19453125 0.21640625
2 0.88359375 0.63828125 0.2140625 0.2140625
2 0.1375 0.8734375 0.228125 0.209375
3 0.36328125 0.88046875 0.2015625 0.2390625
2 0.62734375 0.884375 0.2046875 0.23046875
2 0.8640625 0.88203125 0.196875 0.2359375