0 0.11209339329940896 0.17154739475307296 0.20244871960192592 0.2281435405319101
0 0.3515711162111037 0.12030459384103949 0.201322867244561 0.23745487353571576
0 0.8481721344080688 0.0967251723962208 0.22446926881613755 0.1934503447924416
0 0.6717147198068136 0.5909885310660079 0.24921671174404308 0.2612398834215474
3 0.5917230812649157 0.10862694760509176 0.1886773180303493 0.2172538952101835
3 0.14515641211554658 0.3940617233082543 0.2390069578151016 0.2764192144481868
3 0.8952911910658786 0.5616207301539744 0.2094176178682428 0.2672352154367699
3 0.4418625157112565 0.8657006654761386 0.24380146567298447 0.24542388243296429
4 0.38683448986580554 0.37325583889812364 0.23024838792272542 0.2557883794672148
4 0.6383777191876412 0.3457861190127294 0.2338100355653605 0.26529071345960364
4 0.19527861413967992 0.8820100508748524 0.22446926881613766 0.23215987847863176
4 0.9044928707592177 0.8185246461615858 0.19101425848156453 0.25916804745199257
2 0.8838164977236884 0.32169606711211274 0.23024838792272534 0.2557883794672148
2 0.16059743734182497 0.6415588058177683 0.22799668320799574 0.274411045474826
2 0.41132302936010756 0.6133396694304712 0.22636140860089 0.2727848784786316
1 0.6810149069437509 0.8410840315602994 0.23410113399378396 0.27154071345960346