0 0.12734375 0.14921875 0.1703125 0.2015625
0 0.37109375 0.12421875 0.1703125 0.2140625
0 0.87109375 0.12578125 0.1734375 0.2140625
0 0.634375 0.6265625 0.209375 0.22578125
3 0.61171875 0.13125 0.1609375 0.21171875
3 0.134375 0.3734375 0.18984375 0.240625
3 0.87734375 0.62421875 0.2046875 0.2359375
3 0.375 0.88125 0.19453125 0.21640625
4 0.3765625 0.3796875 0.18515625 0.21875
4 0.6296875 0.3796875 0.18984375 0.23046875
4 0.1265625 0.87890625 0.17578125 0.2234375
4 0.86875 0.88671875 0.19921875 0.2234375
2 0.8765625 0.3828125 0.18515625 0.21875
2 0.12109375 0.62109375 0.1734375 0.2359375
2 0.3734375 0.6203125 0.19453125 0.24765625
1 0.615625 0.878125 0.19375 0.24375