4 0.12574486269644708 0.12806136533259094 0.25148972539289416 0.2561227306651819
1 0.36739720761021377 0.1253421612826387 0.21745728949430204 0.2430249360279987
0 0.6140538837888962 0.12715701058245843 0.2380223465663967 0.21515447469763496
1 0.8686686091817905 0.12575595321455094 0.20720899420903188 0.22416584802672604
0 0.10758555996757868 0.3876352653166826 0.21517111993515736 0.22432948002863506
2 0.35586243238393545 0.37299841128263866 0.2375172324222074 0.27136811203054406
0 0.5992849466519591 0.3771933732495493 0.20531685442427944 0.183540848026726
0 0.8460871720448532 0.375883222549369 0.19245728949430224 0.24273403469127164
3 0.10336247870266302 0.640714811982819 0.20672495740532604 0.2336862986950896
2 0.3368597595150219 0.6301114772835932 0.21658399420903168 0.2242749360279987
3 0.591547259515022 0.6271479199156857 0.21516704342324341 0.22738175469445315
1 0.8486512841221276 0.6225945905474599 0.23620728949430186 0.24324311203054413
3 0.10617064743774736 0.8859727679821827 0.21234129487549472 0.22772720003181668
3 0.3302843120390025 0.8886415926161841 0.22559512117350247 0.21657152402927124
2 0.5800124842887435 0.8748041699156858 0.24380146567298447 0.23864651869827114
1 0.837262058110061 0.86712584054746 0.25517561331561966 0.24814878803308957