4 0.16617098734881747 0.12558949790631305 0.24796697469763496 0.24527892105489238
1 0.4068959846833174 0.15100938703022024 0.21691696936663477 0.26028120818165773
0 0.6532624546864991 0.1916554384069435 0.2591044693666348 0.2632312455605246
1 0.8963573793364089 0.23219222914000506 0.20728524132718212 0.2629691656070108
0 0.1377390940483614 0.3655917850330784 0.24825787603436206 0.27027892105489243
2 0.3886385227164068 0.39328436834078684 0.23759309603754372 0.2929515965492602
0 0.6311623773869975 0.4391260181083557 0.22116811736154424 0.22310899011264293
0 0.8775197567234064 0.47899081948507904 0.20452605736790766 0.2687821230323639
3 0.12348787941595074 0.6167336679527993 0.23577605736790752 0.2709673359055985
2 0.362704920751087 0.6467317964330447 0.246731738701453 0.2732946604112307
3 0.616093550087496 0.6870882707062458 0.24202605736790747 0.27140437848024546
1 0.8725889980903595 0.7261007662667703 0.2341226507001803 0.2630455752619369
3 0.12320825811581286 0.8610463966654759 0.22943515070018025 0.2627177933309518
3 0.34851734078608543 0.8889528753781523 0.23866470003181667 0.22209424924369542
2 0.5977724534531763 0.8989830752619368 0.2527272000318167 0.20203384947612654
1 0.8509247254534944 0.9098491554675521 0.27142265603118043 0.18030168906489585