2 0.1678083972562246 0.120777924511885 0.2543667945124492 0.24013762499835237
2 0.6605797261813023 0.15279295251176694 0.2536233418674959 0.25417285145940205
2 0.1596828970444631 0.34306598173605546 0.23725488922254248 0.26793534253094825
2 0.39233139918118887 0.8669104050301245 0.23054986291418328 0.26001374837514674
4 0.4098061814570917 0.13514793627971253 0.2852373629141834 0.2609683222384088
4 0.8910484761813023 0.4286907995069421 0.21790304763739526 0.26502853084255096
4 0.6489854046546222 0.6505213404990581 0.23258279977412108 0.24131829545304767
1 0.8929155420933748 0.17807319074064415 0.2141689158132504 0.27876374837514695
1 0.414081970707869 0.3693592950460105 0.2768634207925736 0.27799218100470674
1 0.6417699570595792 0.882379672076253 0.2204468208208084 0.23524065584749393
1 0.6545095496329467 0.3969696465054125 0.23045885765251145 0.25845124837514694
3 0.1497974757577793 0.5887369918823252 0.24717592079257358 0.2774739837646504
3 0.4076855704678726 0.6213348522701809 0.2572033681758551 0.2620398985373026
3 0.8822905207996323 0.6767464699616373 0.23541895840073543 0.2638205868489054
1 0.14478156499443923 0.837614822645446 0.20802241553090176 0.2752296452908919
0 0.8920095496329467 0.8923876919617554 0.21598090073410675 0.2152246160764893