4 0.13125 0.12890625 0.21640625 0.2328125
1 0.3734375 0.1296875 0.1875 0.228125
0 0.6203125 0.134375 0.22578125 0.21171875
1 0.875 0.1359375 0.18984375 0.21875
0 0.12265625 0.3890625 0.2015625 0.21171875
2 0.3734375 0.37734375 0.20703125 0.2546875
0 0.6171875 0.384375 0.19453125 0.18046875
0 0.8640625 0.3859375 0.178125 0.23828125
3 0.1265625 0.6421875 0.19453125 0.21875
2 0.36640625 0.634375 0.2046875 0.22109375
3 0.62109375 0.634375 0.2015625 0.22109375
1 0.878125 0.6328125 0.209375 0.228125
3 0.13203125 0.89296875 0.2140625 0.2140625
3 0.37265625 0.89375 0.2140625 0.2125
2 0.621875 0.884375 0.22578125 0.23046875
1 0.88125 0.88203125 0.23046875 0.2359375