2 0.1202801628623742 0.14407243693064134 0.22175786709365922 0.2561309820286507
2 0.6133216357350111 0.14878728501602634 0.24365104781181834 0.26001987386128267
2 0.1227955879231927 0.3832713461864684 0.21241013817089804 0.26049109981466556
2 0.37537360373587425 0.8834945628376906 0.19200673458010192 0.23301087432461892
4 0.3633034550168519 0.1431820926430894 0.24679422852997773 0.26325400126594434
4 0.8704745638208917 0.405473827751783 0.21233741529826097 0.24799109981466555
4 0.6221314708295335 0.6491965127835078 0.20599651170746486 0.2321478450053421
1 0.8711432260940908 0.15622779590061756 0.23896354781181833 0.25985618275429007
1 0.37672456382089176 0.3882316978152326 0.24367831888905728 0.2647073738612827
1 0.6246287151721928 0.8826860475450801 0.2014271863754999 0.23462790490983992
1 0.6173631993595112 0.39429075797418434 0.19513173458010194 0.24426589908902613
3 0.12213601600907328 0.630954878037634 0.20614195745273883 0.2571478450053421
3 0.3807206756499937 0.6415476707733905 0.24211581888905737 0.2646528101589517
3 0.8721541967272325 0.6540204551564447 0.22319310206654458 0.23431054573098145
1 0.11522189891541408 0.8753819459163161 0.19832945745273883 0.24923610816736783
0 0.8754054199926529 0.88652907131762 0.1733294574527388 0.22694185736475986