2 0.1300227266621408 0.11993067045469523 0.21182954667571843 0.23986134090939046
2 0.37716879363160266 0.12423061241974594 0.2612874127367947 0.24846122483949187
2 0.5944049936219044 0.37345194765038886 0.23654250425206377 0.2600137483751469
2 0.3192941969461859 0.6185361712687694 0.23772236697916024 0.2553535219140972
0 0.62106231484343 0.1258390667631798 0.2237874127367947 0.2516781335263596
0 0.11452527241977531 0.36403345211132043 0.22905054483955062 0.26173988960884903
0 0.5733439681580131 0.621903084419864 0.21418927212991115 0.23465919236879246
0 0.5386668528458429 0.8651309330398922 0.2530922754638912 0.25250125730360085
0 0.07429173551647557 0.860645399351377 0.14858347103295114 0.25826033360249456
3 0.8745859275705264 0.12561030864715259 0.23147236697916007 0.25122061729430517
3 0.09435668044546429 0.6081243713481996 0.18871336089092858 0.25858761606989855
3 0.8224511478545715 0.6284768181878096 0.23606427212991116 0.2350410219140972
4 0.34861413256179785 0.36447991680454256 0.24448255000969832 0.26171261606989854
4 0.2856056257246602 0.8687679963498474 0.2468422754638911 0.25239216314779933
4 0.7859404655729393 0.8654955771162633 0.22576450091808392 0.242662607141445
1 0.8356996733184626 0.3801620491130861 0.2622121839486219 0.24953989853730274