2 0.1265625 0.13046875 0.18046875 0.2359375
2 0.375 0.12734375 0.209375 0.2328125
2 0.621875 0.3796875 0.18046875 0.23046875
2 0.375 0.6296875 0.20703125 0.24296875
0 0.61953125 0.1296875 0.1828125 0.23828125
0 0.13125 0.37890625 0.19453125 0.2328125
0 0.6296875 0.628125 0.178125 0.21640625
0 0.62421875 0.878125 0.2140625 0.240625
0 0.11953125 0.878125 0.1859375 0.24375
3 0.8734375 0.12578125 0.1875 0.2328125
3 0.1203125 0.6234375 0.20703125 0.240625
3 0.8796875 0.63046875 0.19921875 0.2140625
4 0.37421875 0.37578125 0.1921875 0.2328125
4 0.37109375 0.88125 0.2046875 0.23046875
4 0.871875 0.878125 0.1875 0.24375
1 0.8640625 0.3828125 0.21640625 0.22109375