2 0.14694216041040423 0.1267584513586116 0.21888432082080844 0.2508978450053421
2 0.39473491830291196 0.13775054817805224 0.24259483660582398 0.256403800540305
2 0.6481685443712749 0.4062277627835078 0.22411785239083953 0.2604365361123346
2 0.40671460466873965 0.6379315974524129 0.24993689974588626 0.2753720553496283
0 0.639857702503779 0.1564460175928312 0.20656633134415223 0.2535863353866953
0 0.1572782338620486 0.3711532921027844 0.24166937343752695 0.2672867368379741
0 0.6618571309770989 0.6546379809323424 0.22182731029746475 0.24788197241000381
0 0.6612557044287433 0.8860193786706061 0.2408503260824803 0.2279612426587878
0 0.15643940181202476 0.8654290817584982 0.2274248629141833 0.2636706635169965
3 0.8889903934158514 0.17000011922159525 0.22201921316829712 0.26383435462398896
3 0.15194380468285706 0.6142212458236488 0.24644787869919882 0.2690129279449668
3 0.8961027563300348 0.6743056733052792 0.20779448733993036 0.24853673683797411
4 0.4005199996470642 0.3843254478152326 0.24166937343752687 0.2672867368379741
4 0.4079031912745636 0.8780295300794758 0.24746434712916782 0.24394093984104828
4 0.9027650391096032 0.8960987615175634 0.1944699217807937 0.20780247696487314
1 0.8854659696042125 0.4256226366447904 0.229068060791575 0.24072423683797411