1 0.115625 0.128125 0.18515625 0.21640625
3 0.3703125 0.12734375 0.22578125 0.2234375
2 0.628125 0.13046875 0.21875 0.2046875
2 0.8671875 0.13125 0.18984375 0.22109375
1 0.13125 0.38203125 0.22109375 0.2359375
3 0.371875 0.38828125 0.19453125 0.2140625
2 0.62265625 0.384375 0.2015625 0.240625
2 0.8703125 0.39765625 0.20703125 0.2234375
1 0.11875 0.625 0.178125 0.209375
2 0.3671875 0.6296875 0.21171875 0.209375
1 0.61875 0.6390625 0.18984375 0.21171875
3 0.8609375 0.63671875 0.20703125 0.2140625
2 0.1203125 0.8765625 0.18515625 0.22578125
0 0.3640625 0.8890625 0.1875 0.22109375
0 0.6140625 0.88203125 0.1875 0.2359375
2 0.87109375 0.884375 0.2015625 0.23046875