1 0.11127609396167767 0.13457315009882204 0.22025934757972226 0.24960369980235592
3 0.36395071460846407 0.12139061063628316 0.26458255766563055 0.24278122127256632
2 0.6214766095655099 0.10715104628668377 0.25751368611433295 0.21430209257336755
2 0.8601296737898612 0.09695423982959214 0.22338434757972223 0.19390847965918429
1 0.1480612002478272 0.3878955711737443 0.25882388059640904 0.2721003260824803
3 0.3885633695151326 0.37153701087627955 0.22626368611433295 0.24528022084904338
2 0.6386895222740946 0.3444306663779478 0.2483777035271876 0.2808382892507774
2 0.8810358556645518 0.3346938324029597 0.23792828867089638 0.26374179451244917
1 0.15688840287050362 0.6310918343279239 0.2216580732694628 0.24656970506402764
2 0.40512118498267924 0.6127157477220999 0.24328741180407362 0.2431562787274336
1 0.6567246285602442 0.5988451505929322 0.232841234734852 0.25189424189573073
3 0.8903007312861495 0.5738018350337957 0.2193985374277009 0.24270125241907436
2 0.17903779907074494 0.8742958027578929 0.22798996042459257 0.24849622611071495
0 0.423074404113699 0.8655677319370844 0.21804175033868417 0.23701269454068416
0 0.6725011940277907 0.8400693900695885 0.21285628335537118 0.25696117349399683
2 0.9022197557657512 0.8142070271554053 0.1955604884684977 0.26365078925077723