1 0.13189978602751667 0.12751799019805526 0.22682542794496668 0.25038814514629587
3 0.38561506306935867 0.15520065867143445 0.24730161905195924 0.25685275862416623
2 0.6428546441948847 0.19416257973671175 0.25991074645662093 0.26107136691824023
2 0.8806721027250723 0.22829073784249831 0.23055062867060627 0.2678490472198144
1 0.12559518920807602 0.3753792917531942 0.24951888347992948 0.2757394596609254
3 0.3647841747801057 0.41511290089574004 0.22542661905195924 0.2549389441095366
2 0.6152653244172861 0.4456471672956006 0.2260813834799295 0.2736889441095366
2 0.8604314914776616 0.49374008058518354 0.24951888347992934 0.2757394596609254
1 0.09486727818055936 0.6145299746466664 0.18973455636111872 0.2352908254478699
2 0.339193864621154 0.6542341894913882 0.2441220553496284 0.25501685655064765
1 0.5884026909373565 0.6987626053728693 0.22542661905195924 0.2549389441095366
3 0.830235526872206 0.7301075160705539 0.2395436827542902 0.2577317534403701
2 0.09113834365457973 0.8653406189444904 0.18227668730915947 0.2681812378889809
0 0.3131124811412244 0.8887682027569441 0.2271528101589518 0.22246359448611167
0 0.5622766674388936 0.9001632612160645 0.22251987386128266 0.19967347756787107
2 0.8190623807784048 0.9179938931200458 0.24234130054030487 0.16401221375990857