4 0.12019948334256221 0.1509926235787013 0.21658193244739815 0.24611467875566856
4 0.40016279533960974 0.4023555154320797 0.2631961165928393 0.26906633134415225
4 0.8821540168097087 0.4145704202278762 0.2356919663805826 0.24664529977412109
4 0.17845298580657235 0.6470709630271227 0.27675796884459275 0.26207287869919876
4 0.4144906153562216 0.6623752575395719 0.19763167334809956 0.2418976156156063
4 0.899289056907531 0.6659432044287432 0.2014218861849379 0.2628317418957307
4 0.1876229364525678 0.8802790342008671 0.23729495064599543 0.23944193159826596
4 0.4471481307770418 0.8909952682746771 0.18074456199704744 0.21800946345064567
4 0.6850987137504637 0.9050605273767222 0.19849326650055427 0.18987894524655574
4 0.9164939481773727 0.9021391956796341 0.1670121036452546 0.19572160864073176
2 0.37496732649501696 0.1549344838620486 0.2592095234403846 0.2797308155591366
2 0.14196956353820697 0.39354414462538867 0.22549585749354067 0.2637572050640277
0 0.6183168082964198 0.16288130468285705 0.20348115514950216 0.23601163666229374
0 0.6683770789590271 0.6647091151920833 0.21033193244739828 0.24575065770898127
0 0.8765625 0.17104793338205584 0.246875 0.2543667945124492
0 0.6449245828165384 0.40804959151456 0.22086891424880087 0.24013769454068398