4 0.10678360835926086 0.17150236505167987 0.21231263392680608 0.2711297301033597
4 0.37629508765968434 0.41118063849206443 0.2624217280826075 0.28058387569213805
4 0.8639503388791478 0.4004338170819513 0.2720993222417043 0.28617254163898187
4 0.15679465989809313 0.6671245481173869 0.26365694561520336 0.2619340052417874
4 0.39254124512544075 0.6713066101144344 0.18687625730360063 0.2445276573089707
4 0.8880549506883384 0.6518856955518665 0.2238900986233233 0.27253154379845024
4 0.16620443627641726 0.8844949159468438 0.2493762573036007 0.23101016810631236
4 0.42555216273746693 0.8922945288390555 0.1838058043815014 0.21541094232188912
4 0.6638197759679917 0.9008008933508682 0.20244671022569988 0.19839821329826357
4 0.9079990551922801 0.8944832942598755 0.18400188961543976 0.2110334114802491
2 0.35006995819710507 0.16056007479697393 0.24378082223840886 0.2856323210963462
2 0.11882350689656355 0.4141905127999264 0.21217626623205438 0.2633172301033596
0 0.5927523360381265 0.15972396976744338 0.21987967207625303 0.2575678778516063
0 0.6452298685022353 0.6625275971576243 0.23424218100470676 0.2756565437984502
0 0.8511824448044244 0.16692041023440604 0.24611488960884884 0.24052008019564478
0 0.6212393948838548 0.40580722778700784 0.2340239926931041 0.2631565437984502