2 0.14798652210332378 0.12043177335295363 0.26784804420664754 0.2405362827020893
4 0.39580189647650316 0.12878226471990664 0.22285379295300628 0.25094652402927137
3 0.673463895222862 0.1429469514242231 0.22790500580598766 0.26350106802990775
4 0.886142088479802 0.1571838161202672 0.2277158230403959 0.2682794746976349
1 0.13632892273646202 0.3639635973504083 0.22795046991261042 0.2650635680299077
0 0.3940648663891136 0.391173176718634 0.2604901852728744 0.2560703760343621
0 0.6465904728156043 0.4003594620862233 0.2416037929530063 0.2511647000318167
2 0.8796229670096165 0.4086281374522218 0.2407540659807669 0.2716408320337257
3 0.13889294774277966 0.613127803349772 0.23415500580598775 0.2635737933640893
4 0.38098115934211985 0.6393743193825432 0.2506605442066475 0.2403362880330894
4 0.6335294978219219 0.6493418547501325 0.2461094365265156 0.24496924403245313
2 0.8893922551791672 0.6656593874522218 0.22121548964166565 0.24793061203054415
3 0.13819558042922925 0.8575681466820448 0.2339276852728743 0.2557612933640897
2 0.3904855061351922 0.8826363266828402 0.26003554420664754 0.23472734663431966
4 0.6295252740818809 0.8832777660327713 0.24914350831327034 0.23344446793445747
2 0.8769003792547302 0.9019924980505886 0.21689329796757129 0.19601500389882281