2 0.13828125 0.1198208271035222 0.2765625 0.2396416542070444
4 0.383295756478405 0.11683830271410559 0.24278348704318997 0.23367660542821117
3 0.6608700439553338 0.11200102430180311 0.23204624614248867 0.22400204860360623
4 0.8780878223329637 0.1102394694063971 0.23204624614248887 0.2204789388127942
1 0.11055916332595024 0.35370451818523035 0.22111832665190048 0.27790575075630464
0 0.35803043646179306 0.3599498923028749 0.26934598704318996 0.27082522427320105
0 0.6099736682631958 0.34855429835150475 0.24364508019564468 0.25813955397461336
2 0.8494669648394231 0.33725153954942844 0.26742254163898205 0.28935670298587757
3 0.10171748457917988 0.6032510501162156 0.20343496915835976 0.27365529333095145
4 0.32179733806755095 0.6098077806704775 0.24224326650055428 0.23626455397461327
4 0.573690505094129 0.5991934367191073 0.25458258019564467 0.25890437848024545
2 0.8337769039221097 0.5942281592275975 0.2523587461424889 0.272748357192922
3 0.08828843538205886 0.8476566139781859 0.1765768707641177 0.2640617720436282
2 0.3072389805740103 0.8612610200268158 0.24723115514950225 0.24127983590559837
4 0.5473831192229582 0.8398020112247394 0.25105706199704747 0.252435857192922
2 0.7933068885012897 0.8373825795261853 0.22727960055371027 0.22121870818165768