2 0.10639211163239744 0.17581061305535758 0.21278422326479488 0.2703712261107152
2 0.328393161748613 0.16110888915195534 0.2584344849168628 0.2687023102974647
2 0.8298517549436785 0.1581538202561111 0.24029649011264312 0.2318547576807463
2 0.11189444057750504 0.6700457314429742 0.22378888115501008 0.27467929451244916
1 0.5867901697943847 0.1565480046969745 0.2639196604112307 0.25812883134415215
1 0.8451286495923419 0.6351937333679384 0.24724561264080372 0.2867242682040899
1 0.11783807400142905 0.42147942882625566 0.2356761480028581 0.29920885765251126
1 0.3478987344895343 0.66741907331047 0.25432613912390717 0.2544577997741211
1 0.589927697362769 0.6501383809770989 0.24793402749150975 0.27431527346576184
1 0.3555809224691493 0.9011060156438411 0.2385154688253195 0.19778796871231777
1 0.5923760821240753 0.8869514168463197 0.23488772427320104 0.22609716630736046
0 0.3349663177972428 0.41486322070786896 0.27068311264080364 0.2880893471291678
0 0.8492652204916779 0.8886416259271886 0.1994201178365838 0.22271674814562276
0 0.5876596290613232 0.4021258152062007 0.256762724273201 0.2670488050357928
0 0.8329392780725875 0.39444763602700916 0.2304187455605245 0.2686267155873715
0 0.1021281405381641 0.8989681210184525 0.20035990496334902 0.202063757963095