0 0.115625 0.1421875 0.21640625 0.21640625
2 0.384375 0.125 0.21171875 0.228125
3 0.6203125 0.12109375 0.21640625 0.2328125
1 0.88203125 0.12578125 0.2046875 0.2359375
1 0.11875 0.38359375 0.16796875 0.2359375
4 0.36796875 0.3828125 0.1828125 0.23828125
2 0.6296875 0.3890625 0.21875 0.21875
4 0.884375 0.3859375 0.22578125 0.228125
2 0.1296875 0.63203125 0.19453125 0.2234375
0 0.37578125 0.634375 0.2046875 0.22109375
0 0.628125 0.63125 0.178125 0.21640625
2 0.8703125 0.6375 0.19453125 0.22109375
1 0.128125 0.88046875 0.209375 0.2390625
1 0.3796875 0.8859375 0.22109375 0.22578125
2 0.628125 0.890625 0.19921875 0.21875
3 0.87421875 0.8859375 0.2046875 0.22578125