2 0.16951511042452166 0.1108316632783682 0.26090522084904333 0.21984494699770854
2 0.42355016304124016 0.13234821304961839 0.2596003260824803 0.25102221181534745
2 0.9016380947100933 0.19907273252000074 0.19672381057981347 0.2484050516711113
2 0.1542574626035997 0.5856128045209029 0.25627790500755804 0.27435060904180586
1 0.6804749972279898 0.16329431420763946 0.25482182082080856 0.24935060904180575
1 0.8887491352762886 0.6825749103316674 0.22250172944742275 0.27881990349472224
1 0.16575088652111938 0.3409003697753821 0.2639083944842143 0.2714074469977086
1 0.4009273362528882 0.62802308254066 0.26795885765251126 0.2605790497712501
1 0.6434256493929503 0.6523918753780561 0.22366282608248014 0.2501857572181946
1 0.3867639386437277 0.8771096468936633 0.25656633134415213 0.24578070621267328
1 0.6245369544287432 0.8825988669255904 0.2580378260824803 0.23480226614881908
0 0.4088862364928845 0.3762066626127781 0.2707954313159172 0.2824904173624308
0 0.8815072912463288 0.9116532001318406 0.20347215244730918 0.17669359973631876
0 0.66116907331047 0.4078249109972575 0.2504983418674957 0.25549150626826406
0 0.9009467564359156 0.44238632142583406 0.19810648712816886 0.24669708130638898
0 0.13793232551778295 0.8411354526972918 0.19286785239083953 0.2572709053945836