0 0.115625 0.1502727876309684 0.221875 0.23739001139996638
2 0.384375 0.15187811834078682 0.228125 0.25970205397461327
3 0.6203125 0.1644702255337088 0.225 0.25479603268728984
1 0.88203125 0.1874588833470494 0.2078125 0.25359416560701076
1 0.11875 0.39189755891829187 0.16875 0.24773764951546734
4 0.36796875 0.4085433815823386 0.1953125 0.260532580457717
2 0.6296875 0.4330945393956792 0.21875 0.23404649011264295
4 0.8828125 0.44688851366888027 0.234375 0.2554515965492602
2 0.1296875 0.6410998834239241 0.209375 0.2505784262506726
0 0.37578125 0.6606521848006472 0.2078125 0.23953166560701078
0 0.628125 0.6751727787520174 0.1875 0.23811127723940828
2 0.8703125 0.6983581785195865 0.2 0.23898536238870208
1 0.12734375 0.8771088032183088 0.2234375 0.24578239356338258
1 0.37890625 0.8894281227802623 0.2453125 0.2211437544394755
2 0.62734375 0.9057465274915097 0.2109375 0.1885069450169805
3 0.8734375 0.9078549667316324 0.225 0.18429006653673524