0 0.11418877853604728 0.15027278763096838 0.22837755707209456 0.24407705397461332
2 0.3785530314315314 0.15187811834078682 0.2426028387085138 0.2599205752619368
3 0.6146724679492961 0.1644702255337088 0.22973896567298446 0.2512339901126429
1 0.8761728941279785 0.1874588833470494 0.23188366252983136 0.26384325075630466
1 0.10088383395551201 0.39189755891829187 0.1990711625298313 0.26154877723940817
4 0.3501389712590649 0.4085433815823386 0.20026978949430205 0.2538455378830699
2 0.6115666228306414 0.4330945393956792 0.23220899420903188 0.23739001139996638
4 0.8648735593484063 0.44688851366888027 0.2455095148871962 0.2554515965492602
2 0.10683315808641584 0.6410998834239241 0.2136663161728317 0.2557029688253195
0 0.3462347595150219 0.6606521848006472 0.2312286910658786 0.24978075075630457
0 0.5987240587292335 0.6751727787520174 0.20437509263745532 0.24167331981405518
2 0.8406204603008103 0.6983581785195865 0.21702064185166706 0.24567240496334897
1 0.10437270699104129 0.8762182925746469 0.20874541398208257 0.2475634148507062
1 0.33782498428874347 0.8911545137457548 0.24692646567298446 0.21769097250849043
2 0.5861169350745318 0.9031842562041863 0.23413536724456102 0.1936314875916274
3 0.8330283223780846 0.911198488018956 0.22483314185166706 0.177603023962088