1 0.13125 0.128125 0.21875 0.24296875
2 0.375 0.1203125 0.19921875 0.240625
3 0.6328125 0.1421875 0.196875 0.21171875
2 0.8796875 0.1359375 0.22578125 0.21640625
0 0.12109375 0.378125 0.2140625 0.228125
4 0.371875 0.3796875 0.209375 0.21640625
0 0.61875 0.38203125 0.16796875 0.2234375
1 0.884375 0.38125 0.196875 0.21640625
2 0.128125 0.6359375 0.21640625 0.228125
2 0.3796875 0.63359375 0.21171875 0.2359375
2 0.62734375 0.6359375 0.2234375 0.21640625
2 0.88125 0.6390625 0.22578125 0.22109375
2 0.12578125 0.884375 0.2140625 0.23046875
4 0.37109375 0.8796875 0.2046875 0.240625
0 0.6234375 0.890625 0.209375 0.21875
4 0.86328125 0.8890625 0.2046875 0.22109375