4 0.12578125 0.1265625 0.2140625 0.240625
4 0.63125 0.12109375 0.20625 0.2421875
4 0.625 0.6328125 0.18515625 0.22578125
4 0.12421875 0.884375 0.1921875 0.228125
4 0.61875 0.88359375 0.18046875 0.2328125
4 0.8796875 0.884375 0.18046875 0.23046875
1 0.371875 0.1203125 0.21640625 0.240625
1 0.87421875 0.12109375 0.1921875 0.2421875
1 0.128125 0.38203125 0.23046875 0.2328125
1 0.12734375 0.63671875 0.1609375 0.2140625
0 0.384375 0.3859375 0.196875 0.22578125
0 0.6296875 0.38125 0.16796875 0.21640625
3 0.87109375 0.3734375 0.2140625 0.240625
3 0.884375 0.63359375 0.196875 0.2359375
3 0.37578125 0.875 0.2046875 0.25
2 0.3796875 0.6296875 0.19453125 0.228125