4 0.11867722539289413 0.13143071865054617 0.23735445078578826 0.2621385626989076
4 0.6175791441279784 0.12284496463241065 0.24921671174404308 0.2456899292648213
4 0.5979791960327866 0.623168944581504 0.20139564185166706 0.23346812269254436
4 0.10006619665195908 0.8828568586489555 0.20013239330391816 0.23370448002863498
4 0.5839915088958494 0.8731962165818221 0.19856174028009033 0.23968176002545327
4 0.8445116319313787 0.8623565245465056 0.2238528387085136 0.24622266136218052
1 0.3590217814315314 0.1235591293165235 0.24601893713693723 0.247118258633047
1 0.8607662179492961 0.11665750461491146 0.21909256410140793 0.23331500922982293
1 0.11805110204777858 0.3868176526495917 0.23610220409555716 0.24972946936663476
1 0.0997407491759397 0.641459699315728 0.18547954342324346 0.22703630935708966
0 0.3639467601341944 0.38383591394813876 0.23010283870851378 0.24629538669636225
0 0.6096959077768296 0.37160644458150394 0.19343759263745514 0.230252216024817
3 0.8516479673301236 0.35707867854873265 0.23508143713693705 0.2525999306969986
3 0.8575361325505512 0.6162445932129601 0.23217476095825482 0.2572510680299077
3 0.3397513573242728 0.8697915952816843 0.22577921174404308 0.25405334269572605
2 0.3525939214256807 0.6275859139481388 0.235154211744043 0.2541624306969986