1 0.12975777866891208 0.1366601835468296 0.25763472235685214 0.2654987767345796
2 0.37315761018984295 0.12948452956325 0.24162772037968586 0.2560328731437834
3 0.632260696159398 0.14348898399092672 0.21522704646340926 0.22151242739850954
2 0.8739713757414375 0.1339786703664267 0.252057248517125 0.24519536709365922
0 0.13441208106382033 0.385065867290051 0.2395558844101307 0.2435237827847038
4 0.38509783056952873 0.3841811199223296 0.2279180474519924 0.2262726502711465
0 0.6318773300752372 0.3832736466569092 0.18435904844057555 0.23070562021691723
1 0.893972152433183 0.37935025770044417 0.212055695133634 0.22934310811666875
2 0.1566358854358949 0.6429465449831481 0.2443707184025195 0.24667605386194272
2 0.4079437174511174 0.6381600927949665 0.24319022037968593 0.256041963502863
2 0.6555044669568257 0.637257164709086 0.23716571345960363 0.22320219242562409
2 0.8941465546192203 0.6371718480595238 0.2117068907615593 0.22947946350286302
2 0.1680031028498312 0.8828579517953982 0.24236254942915872 0.23428409640920372
4 0.41140293437076203 0.8749687046240684 0.246187886387297 0.2500625907518632
0 0.66578668684222 0.8878393971969863 0.2295442144481868 0.22432120560602725
4 0.8928466635733343 0.8826640717177276 0.2143066728533313 0.23467185656454462