1 0.1140927783776301 0.15982698204822907 0.2281855567552602 0.28347103590354183
2 0.3334261644056844 0.13259233482177074 0.26087215299003397 0.2651846696435415
3 0.5923203030546323 0.1180479111910759 0.22868141424880087 0.2331073599917363
2 0.8395655428755996 0.10569795402847193 0.2708689142488009 0.21139590805694386
0 0.11145103485603507 0.40891844547909717 0.22290206971207013 0.2759131090418057
4 0.33663629781284504 0.3829871526417011 0.26133322794389136 0.2557097118153474
0 0.5839816671834616 0.3577280070307634 0.23038361659283932 0.2596698599917363
1 0.8503273604282015 0.328126200325659 0.2537209870431901 0.25865287385944463
2 0.11720278223514143 0.6646774829981597 0.23440556447028285 0.2699904173624308
2 0.3501528755444797 0.6346399184092706 0.265559652990034 0.2729699469977085
2 0.5990607449150962 0.6093444052071522 0.28058387569213783 0.26395862290951405
2 0.8393748642857128 0.584248913756527 0.26077202344038464 0.2712983442241669
2 0.11461110348837107 0.890022321903993 0.22922220697674214 0.21806424145062522
4 0.3462712021963802 0.8656353452710066 0.26133322794389136 0.2557097118153475
0 0.6002275169712048 0.8589443617041661 0.2579078392949434 0.25094947663298617
4 0.8373665715669967 0.8347028554359021 0.23094482109634598 0.24408122758291667