4 0.1294742235911302 0.13686585149293878 0.2464484471822604 0.2728576178365837
4 0.6356150961864685 0.16914130003934097 0.23373019237293705 0.26573353268728983
4 0.6470982994439967 0.676516757464694 0.20829368275429 0.25148536238870206
4 0.1542387099657681 0.8827414441838013 0.2144891190519592 0.2345171116323975
4 0.6486881144122718 0.8978247668478481 0.2068403101589517 0.20435046630430379
4 0.9015402296663979 0.9068387699499411 0.19691954066720427 0.18632246010011783
1 0.37543156433530306 0.15016815286966206 0.24461312867060608 0.264935857192922
1 0.8778298780376339 0.18685794980690987 0.2275347560752678 0.2668589901126429
1 0.14146582521989423 0.3909906227802623 0.23943455534962838 0.2505455752619368
1 0.14957845869982375 0.6456234924584313 0.19239586424263583 0.24258025595208466
0 0.3978522344757214 0.41281561834078684 0.20473217313564335 0.23876684110137864
0 0.6430010433687288 0.4252820393956792 0.19234130054030488 0.24101775595208466
3 0.8840253143353032 0.43435030884141723 0.23194937132939372 0.2656242720436282
3 0.8955580697775986 0.695435274312542 0.20888386044480284 0.27020251139996637
3 0.4055283914541138 0.8836697956767401 0.2181597560752678 0.2326604086465199
2 0.4016766720393349 0.6562378364098016 0.2113095553496283 0.2485788836760257