0 0.13125 0.12734375 0.22109375 0.2453125
4 0.3640625 0.12734375 0.21640625 0.2453125
3 0.62109375 0.12734375 0.2234375 0.2453125
4 0.8796875 0.1203125 0.22578125 0.240625
4 0.1265625 0.3859375 0.19453125 0.22109375
3 0.37734375 0.384375 0.2140625 0.21171875
0 0.6328125 0.37421875 0.21640625 0.2328125
3 0.86953125 0.378125 0.2234375 0.228125
1 0.1234375 0.63203125 0.22578125 0.2359375
3 0.3765625 0.6171875 0.22109375 0.23828125
2 0.62890625 0.63359375 0.2015625 0.2359375
0 0.8796875 0.63359375 0.22109375 0.2359375
2 0.1359375 0.884375 0.22578125 0.23046875
3 0.37265625 0.878125 0.2015625 0.24375
0 0.625 0.8859375 0.178125 0.228125
0 0.87890625 0.89140625 0.1921875 0.2171875