0 0.14183224317557447 0.13210152866891206 0.2586644863511489 0.26318438539871386
4 0.3753532185684686 0.1400572445999736 0.23508143713693713 0.259104380455798
3 0.6333840423897861 0.1552497989720482 0.24133143713693705 0.25935904844057556
4 0.8837029119106589 0.16412868634792838 0.23259417617868222 0.25636138243296436
4 0.14659047952672336 0.3849400271860373 0.23003006410140792 0.2511008794672148
3 0.39748089143738213 0.3975023300752371 0.24848896567298445 0.24561488342154753
0 0.6526949303125116 0.4024431339530201 0.25092476095825483 0.2644285504177418
3 0.8839202166039979 0.41990118387647046 0.2321595667920043 0.24698638243296428
1 0.15023998014589587 0.6307154422050654 0.24253006410140793 0.2516102154367699
3 0.4028555578961549 0.6300919955885568 0.25746585938667826 0.2709332184025195
2 0.656181765092084 0.6614679654739509 0.24013281017246654 0.26710788144438113
0 0.8933305847795723 0.6755927683631509 0.21333883044085553 0.25154654844057556
2 0.16958725537217428 0.875470208745243 0.2614256133156196 0.24905958250951415
3 0.4062332307650684 0.8774067349426972 0.23842476095825482 0.24518653011460573
0 0.6583051530148094 0.8933812213682689 0.2077911910658786 0.21323755726346222
0 0.90264142638357 0.9078495810638202 0.19471714723285985 0.18430083787235957