0 0.1359375 0.12553571333951113 0.271875 0.25107142667902227
4 0.36519495211633357 0.12532240381353152 0.27273509576733285 0.25064480762706304
3 0.6235973834798818 0.12064356633866065 0.2536024584944293 0.2412871326773213
4 0.8740597690857953 0.11780004737544406 0.2503499127367945 0.2356000947508881
4 0.10923193007101126 0.36810018085537355 0.21846386014202251 0.24820935462398896
3 0.3501926080159906 0.3671552066312712 0.263519592433353 0.25069943756361346
0 0.6065701537736252 0.3566442594490108 0.2581624127367947 0.26141868275429003
3 0.8407060377125489 0.36093242224821703 0.2757325500096982 0.26670638347992953
1 0.10191408893019523 0.6144940312181932 0.20382817786039045 0.2678869375636136
3 0.32265831300726217 0.5994865569940909 0.2781878703131401 0.27769844718226044
2 0.5721163080062923 0.6164830509188232 0.229144592433353 0.2494990361123346
0 0.8221960563393024 0.6163193266947207 0.24958463819098747 0.25177086424263584
2 0.09223658680416333 0.8636854993670278 0.18447317360832666 0.25387900126594437
3 0.28742321723992925 0.8593526303150686 0.23485245849442923 0.26216272721932726
0 0.5388741469364875 0.8614780923886354 0.2222568636451804 0.24146828130301118
0 0.7912338723906803 0.8620137726110368 0.23322631455356593 0.22315479092165802