1 0.11258486612134196 0.15546875 0.22351439034162973 0.2703125
0 0.35801011266130084 0.1390625 0.28470655832640734 0.2765625
2 0.601904692699357 0.1234375 0.23193438539871386 0.246875
1 0.8470261917107738 0.11875 0.2878023834215476 0.2375
2 0.13098333353527822 0.39609375 0.23981055239490826 0.2484375
4 0.3843802475657231 0.38359375 0.2763847223568522 0.2640625
3 0.6283703280980708 0.3703125 0.24411605041774181 0.2390625
4 0.8803652737259963 0.353125 0.2392694525480074 0.25625
2 0.16508505539783883 0.6578125 0.26331171939110265 0.25
2 0.4100473869187697 0.64921875 0.24031988836446344 0.2609375
3 0.6544221280215211 0.60703125 0.2508753863872972 0.2515625
3 0.8939005096572764 0.6078125 0.21219898068544724 0.2421875
0 0.1922536863479284 0.88359375 0.23136138243296434 0.2328125
0 0.428908769351734 0.88203125 0.22055121642535305 0.2359375
2 0.6819555149031097 0.8609375 0.22989172433401847 0.2734375
0 0.9106734921285156 0.84765625 0.1786530157429688 0.2640625