4 0.11134070110231391 0.17182681576151387 0.21898871642535309 0.25302863152302774
4 0.8689489071475437 0.41976752942609086 0.22319605536065765 0.27984622303829687
2 0.35453494418223175 0.15897522683131865 0.19392504942915867 0.2494253994008752
2 0.13039308452386142 0.41009209030732113 0.23888472235685215 0.28268418061464223
2 0.6319582431170988 0.41288057426564145 0.2286820514063251 0.261606406068835
2 0.16125971843970052 0.6516577080353873 0.23674921939110263 0.2684941348570076
2 0.9034114666724988 0.6690021259423297 0.19317706665500226 0.26100062818904773
1 0.6057472757031626 0.17091634381047885 0.2208695514063251 0.26096867728066225
1 0.6643064639910763 0.671697464872525 0.22106055239490824 0.2656561772806622
1 0.19475660383841437 0.8895407321221527 0.2263555474519924 0.22091853575569473
1 0.4335326023555396 0.8925218240964636 0.2144285504177418 0.21495635180707282
1 0.695427765891693 0.8901537241013127 0.22469488836446344 0.2196925517973746
3 0.8473299392393159 0.1758421862438318 0.21340987847863174 0.2307709942501241
3 0.38069683205240346 0.41884443440766395 0.2050535504177419 0.255005719704317
3 0.9147548263680502 0.8947610889544411 0.1704903472638996 0.21047782209111787
0 0.4055999674511173 0.6669311191051921 0.22944605536065782 0.28035640606883483