1 0.130216789703264 0.1308544288262557 0.216683579406528 0.2591607103256996
0 0.3880838410900348 0.1482140470021108 0.244808579406528 0.2607988050357929
2 0.6335054438635765 0.1671893730845911 0.2309279173624308 0.2677922576807462
1 0.876689786569132 0.18230395179790732 0.24662042686173608 0.25500383134415217
2 0.13191114874506976 0.37125191567207605 0.24975065254479184 0.2720093208208085
4 0.3883611704965628 0.39477052858625933 0.25258471181534736 0.25969133134415223
3 0.6330924422480558 0.4176066020379038 0.2415744766329862 0.25592929451244933
4 0.8850497600679862 0.4373099702137588 0.22990047986402756 0.26686679451244916
2 0.14034647026781305 0.6331071735645839 0.23332556553881964 0.23672426820408993
2 0.38594991099725745 0.6598949996470642 0.2452813580918752 0.28111130503579285
3 0.6339146323119103 0.6540523362528882 0.23052787385944457 0.2506047576807463
3 0.8867857123840283 0.6914059360128917 0.2225699034947226 0.24389973137238705
0 0.14200446171843822 0.8674377644695976 0.232635887727153 0.2651244710608047
0 0.3805766524478827 0.8851740551416736 0.21504834422416685 0.22965188971665285
2 0.6343192482875701 0.8851918602833473 0.21228702013597242 0.22961627943330534
0 0.8939572070656947 0.9005577970021108 0.2120855858686106 0.19888440599577847