4 0.10669033076312076 0.14876564590917116 0.21338066152624152 0.2493437081816577
4 0.8508128831193226 0.2963205369515383 0.2012387662320542 0.2637668411013786
2 0.35323231980607217 0.11771238786339946 0.20905126623205436 0.23542477572679893
2 0.11177152272817144 0.3849927230126934 0.22354304545634288 0.2768895539746133
2 0.6131628786550957 0.3215219047881221 0.2071342102256999 0.24389138367602553
2 0.12173944318616196 0.6250878452887525 0.22618421915415374 0.26239001139996637
2 0.8714900271956936 0.5422286166529506 0.18852057792045188 0.25039275595208466
1 0.6065209610397742 0.10072199379581373 0.1900830779204517 0.20144398759162746
1 0.6258638814977646 0.5773512877078429 0.22952740746575645 0.27510853268728985
1 0.13609840341515722 0.8753392175648116 0.21335693668674965 0.2427659262506726
1 0.3760921578793841 0.8499739587627355 0.21834444561520333 0.2602812081816577
1 0.6387694358825613 0.821461920627564 0.22017968100470675 0.27601546882531947
3 0.8488448287345258 0.08482420616484533 0.21168534253094826 0.16964841232969066
3 0.3596560491097909 0.36109712906132313 0.20263762499835236 0.25450110174504026
3 0.8787631903467883 0.7960966618254876 0.19970353977100502 0.265220080457717
0 0.36628432995563714 0.6072073045556909 0.21064103977100485 0.265984904963349