2 0.1007357982046019 0.13846827849413101 0.2014715964092038 0.266813443011738
2 0.6189029734618121 0.34401235583592366 0.24201582493918145 0.2516731218899818
2 0.8565029674116879 0.3143780082562013 0.21542605386194252 0.24559354025277597
3 0.3492318646577723 0.12492421726622667 0.2187055899662962 0.24984843453245334
3 0.8500949278894889 0.09892998643233268 0.24981014422102205 0.19785997286466536
3 0.8847678262157277 0.557353402308736 0.2248828670936593 0.2601473631835546
3 0.6379190555312724 0.834272185664107 0.2640271803253757 0.27625704206179835
0 0.5977148164531704 0.11140341022219383 0.2201953670936593 0.22280682044438765
0 0.12188707289607806 0.3942712211671847 0.2202771803253758 0.27396420171816516
0 0.368053545768715 0.36887399423424877 0.20137264422102225 0.24641905585660825
0 0.13919170580241885 0.6417260753056278 0.24842036104353502 0.2785631705105008
0 0.3783587449318344 0.6112285905707757 0.2202044574527388 0.2614642017181653
0 0.1354344049655383 0.8848176560383223 0.18875446955298725 0.2254514586155704
1 0.6190428322658519 0.5884617186807939 0.22013173458010193 0.24896420171816516
4 0.39019917301771506 0.8581887997521728 0.22953400565734067 0.25414302464894367
4 0.8801883687629889 0.8075171766189955 0.2312055899662962 0.27297491180407363