4 0.1265625 0.13125 0.196875 0.25234375
1 0.3765625 0.1296875 0.21875 0.23046875
2 0.625 0.13125 0.22109375 0.22578125
4 0.8625 0.11875 0.22109375 0.22109375
1 0.13203125 0.3890625 0.2234375 0.22109375
0 0.37421875 0.375 0.2359375 0.24765625
3 0.6234375 0.37421875 0.22109375 0.2453125
2 0.8890625 0.37578125 0.22109375 0.2453125
2 0.13125 0.6328125 0.22109375 0.23046875
0 0.3875 0.62734375 0.22578125 0.2328125
0 0.62109375 0.63125 0.2046875 0.23828125
1 0.87578125 0.6296875 0.1921875 0.22109375
3 0.12890625 0.88046875 0.2078125 0.2390625
2 0.3734375 0.8859375 0.15859375 0.228125
2 0.628125 0.87578125 0.18125 0.2484375
2 0.8859375 0.8734375 0.22578125 0.25234375