4 0.15101130073134866 0.11961873131056658 0.22610239853730268 0.23923746262113316
1 0.3993669801144976 0.11605705271410557 0.25126603977100476 0.23211410542821115
2 0.6483266314944693 0.11688240734757482 0.26077740746575645 0.23376481469514965
4 0.8794948108776184 0.10766077262470579 0.2402467191541536 0.21532154524941158
1 0.13428390219404596 0.35344779207044386 0.2575160397710047 0.269262724273201
0 0.3771981051161453 0.33958276198104403 0.26091377516050807 0.28510624556052455
3 0.6253492329571667 0.3386165696388282 0.270588784088962 0.30294930942249493
2 0.8750219504897625 0.33988486665295053 0.2408467370110614 0.297748357192922
2 0.11727743161691007 0.5984542894725537 0.23455486323382013 0.26682613912390707
0 0.3680922918061902 0.5930355439120293 0.2513205868489054 0.27195068169855413
0 0.600563872569311 0.5962869580064307 0.2437262751605081 0.2839043784802454
1 0.8541837504103323 0.5949383534113988 0.23095353977100466 0.2674052933309515
3 0.10702197281089698 0.8412973533345243 0.21404394562179396 0.2799052933309515
2 0.3308751152657103 0.8476737674289258 0.2027739926931041 0.26231360174504026
2 0.5855080681878096 0.8329892825120628 0.20905126623205436 0.26431314431968717
2 0.8424302240320083 0.8212659066297074 0.2510205779204515 0.25476318169855394