2 0.1171875 0.1203125 0.17578125 0.240625
2 0.62734375 0.3828125 0.2234375 0.22109375
2 0.865625 0.378125 0.19921875 0.22109375
3 0.3703125 0.1203125 0.178125 0.240625
3 0.871875 0.1234375 0.23125 0.246875
3 0.884375 0.625 0.19453125 0.21875
3 0.62421875 0.88046875 0.2296875 0.2390625
0 0.61953125 0.12109375 0.1859375 0.2421875
0 0.1296875 0.38125 0.1875 0.23828125
0 0.3765625 0.38203125 0.18515625 0.2234375
0 0.1359375 0.63046875 0.209375 0.2328125
0 0.375 0.625 0.1875 0.22578125
0 0.12109375 0.8859375 0.1734375 0.228125
1 0.61640625 0.62734375 0.2046875 0.2234375
4 0.37578125 0.88203125 0.2015625 0.2359375
4 0.871875 0.88046875 0.2 0.2390625