2 0.09641997369164076 0.1419698522629363 0.19283994738328153 0.2526897045258726
2 0.5991614819370843 0.38017591773414805 0.26943035239083957 0.2546067285299777
2 0.8376625398154747 0.3643701523142499 0.23423630503579282 0.24034424063022614
3 0.34258307117374426 0.12937999043383439 0.2098733418674959 0.2511362948849522
3 0.8436828395895958 0.12682470051885186 0.2813843208208084 0.24530445140261464
3 0.8530622137329944 0.6098553691367627 0.23781633134415223 0.24817492134838534
3 0.59227881924878 0.8722053068379069 0.26814086817585514 0.2555893863241863
0 0.5913845922204317 0.12457535752749357 0.22035581555913666 0.24338742739850955
0 0.1040326580266234 0.40150393354682956 0.2080653160532468 0.2480385659621911
0 0.3476976924745455 0.3904356651018694 0.23009483660582397 0.2496919695529872
0 0.11572975024705509 0.6500505178557849 0.23145950049411018 0.26075673458010196
0 0.34526512428457296 0.6334725927949665 0.2334018471291678 0.25283515027114645
0 0.09838793721287366 0.8899573794884953 0.19677587442574732 0.22008524102300947
1 0.58648165848544 0.6247162580932277 0.23745231029746475 0.24192492134838534
4 0.34269604820209265 0.8773579064194665 0.2550038313441522 0.24528418716106692
4 0.8354218744963344 0.8590559384186033 0.24488537869919896 0.262273782784704