4 0.10679486065732638 0.15983917134786296 0.21358972131465276 0.2790533426957259
1 0.34754453438493044 0.14314420938095235 0.26406772568305587 0.27174992003499837
2 0.5963093427055555 0.13197254141467807 0.25425631458888914 0.2528908320337257
4 0.831829268617361 0.11908383211326752 0.255091462765278 0.22165901336727117
1 0.12403429920256932 0.4155442786839537 0.24806859840513865 0.26233855736790745
0 0.356678572569583 0.38862943204963407 0.2800200340036808 0.2859942333704527
3 0.6055524836637497 0.3727702640833598 0.2706450340036808 0.2858851453691802
2 0.8676712771667358 0.35862813745222183 0.253275696047778 0.2778726507001803
2 0.12607731031739527 0.6602391606858627 0.24644381458888906 0.2527999253659985
0 0.3820915741851036 0.639774308720543 0.25916202013597245 0.2623203760343621
0 0.6151950149145481 0.6299833274188142 0.2309279173624308 0.25730561203054414
1 0.8695558598043049 0.6134065441199491 0.2308551821800698 0.25418061203054415
3 0.13490287718739508 0.8837755633354544 0.253856271085903 0.2324488733290913
2 0.37867106098298536 0.8845579080203627 0.20389263867708357 0.23088418395927449
2 0.6330319058727423 0.8684251990372255 0.21555749050069473 0.263149601925549
2 0.8679706035360409 0.8493894974538125 0.2315461664125003 0.28386811203054413