0 0.11543844655564542 0.16050148801421238 0.19128554420664753 0.2471626843053107
0 0.4037056055020539 0.6576851837394838 0.26397889812585584 0.2790544934412793
0 0.6586969823825157 0.6546674836031983 0.25129704169936495 0.27214939620024126
0 0.8945242044732042 0.6572856298034395 0.21095159105359151 0.2677142017181652
0 0.6644314714954561 0.8864747074281457 0.23080268527287445 0.22705058514370863
1 0.3530377349563052 0.14955177917149953 0.23254704169936513 0.27116675033868426
1 0.8526512900500125 0.16247441881302013 0.21155258010002492 0.24666471732199752
1 0.3790165279093115 0.39897192503305656 0.24357546991261048 0.2748649604245926
3 0.5975462529029938 0.1615858689493057 0.27009250580598765 0.27469454206179833
3 0.8700590650563301 0.4122254353213635 0.2112797954602886 0.23728971732199752
2 0.13018422281560432 0.3991921737898611 0.22387072367353414 0.24106981456303558
2 0.15170283630172401 0.6561791581860289 0.1804844365265156 0.2512769742194024
2 0.1671843984550602 0.8866744843961678 0.23320025956691143 0.2266510312076644
2 0.4167979535487675 0.8799032632289829 0.23709814937949697 0.24019347354203405
4 0.6280988855894435 0.40734542627625203 0.27004704169936494 0.2731320420617983
4 0.9020448509497074 0.8861377323600028 0.19591029810058522 0.22772453527999445