0 0.113549411748613 0.14427928970326398 0.18949881461827506 0.23372430262104182
0 0.3361635589951664 0.6424492584524656 0.2664655062041863 0.26359494699770847
0 0.5929598622134751 0.6406010434060769 0.24026363912390725 0.24582556553881965
0 0.8367644925353058 0.6454931376302439 0.23176272427320085 0.2581073599917364
0 0.564759180514921 0.8785568916690453 0.25530948491686284 0.2428862166619094
1 0.35410335593241427 0.1397054649494795 0.25898078813517145 0.26810060904180577
1 0.8535952575415685 0.1474186603316674 0.21348261783658345 0.24208231648875014
1 0.3456524455211836 0.38365548670097255 0.2509497668478479 0.264793771085903
3 0.5986892362542451 0.14461574296923663 0.2695905062041863 0.2636676821800697
3 0.8367309135901984 0.3997805941272577 0.21551501139996637 0.2265300516711113
2 0.10678310061058338 0.3825423559076737 0.21356620122116676 0.23634146276527793
2 0.08777673847398285 0.6389196424768058 0.1755534769479657 0.24139133225631965
2 0.09376216359019839 0.8798693379559028 0.18752432718039677 0.24026132408819442
2 0.3161577895494284 0.8781821642282986 0.2252942029858776 0.24363567154340265
4 0.5945980439120293 0.39336236749427134 0.2622478997675689 0.24789721181534743
4 0.81939205019309 0.8848095045105733 0.22641966041123068 0.23038099097885337