0 0.12302253875333344 0.14296875 0.24539046086541688 0.2859375
0 0.3593957966371182 0.12361512183923926 0.24186541736243078 0.2472302436784785
3 0.6124662452503473 0.10921970273163464 0.21486650626826406 0.2184394054632693
0 0.8667900693385417 0.09305627853451362 0.22733013867708357 0.18611255706902724
3 0.1361817278672573 0.405170756478405 0.22565853590354185 0.24380576650055427
2 0.37940439779513924 0.3668942967331109 0.2590165497712503 0.26934598704318996
2 0.6289316191097919 0.33056106878921954 0.21537565254479177 0.271229859653009
3 0.8789679867009724 0.3161028408453281 0.23554268218006982 0.2662815437984502
3 0.13653179245614638 0.6555212099021777 0.2224608007211807 0.24048050740125576
3 0.4014658082237158 0.6088116864617931 0.2624688580918752 0.28360874614248865
1 0.6528101026766324 0.5833158289682523 0.22129834422416686 0.2575678778516064
0 0.8906662666690452 0.5698891748984842 0.21866746666190942 0.2537815437984502
2 0.16213577697291742 0.8815632757567364 0.24102896276527797 0.23386956199704761
1 0.40492268901701467 0.858180630786267 0.2304551386770836 0.24879365514950216
4 0.6544499103316674 0.8218474028423757 0.24542682845659733 0.288757321096346
4 0.8929759353142017 0.8058266748984841 0.21404812937159648 0.2616941733480996