0 0.1296875 0.13515625 0.165625 0.2234375
0 0.378125 0.63125 0.22109375 0.23046875
0 0.634375 0.628125 0.20703125 0.22578125
0 0.878125 0.63125 0.18515625 0.23046875
0 0.6203125 0.88046875 0.20625 0.2390625
1 0.36953125 0.1234375 0.2078125 0.246875
1 0.86875 0.13359375 0.178125 0.2234375
1 0.37421875 0.37265625 0.2015625 0.2328125
3 0.6140625 0.13203125 0.22578125 0.2328125
3 0.865625 0.3859375 0.1875 0.21171875
2 0.125 0.3734375 0.20703125 0.21875
2 0.12578125 0.6296875 0.1515625 0.228125
2 0.121875 0.8796875 0.19921875 0.23046875
2 0.37265625 0.878125 0.1890625 0.24375
4 0.6234375 0.38125 0.23046875 0.228125
4 0.875 0.88203125 0.19453125 0.2359375