0 0.12169306348223537 0.14296875 0.24338612696447073 0.2703125
0 0.3563141583960021 0.1328125 0.24133143713693714 0.25
3 0.6093299964853434 0.13515625 0.21545814185166687 0.23125
0 0.864745242556402 0.11953125 0.2298845148871962 0.2390625
3 0.11397147384270818 0.40703125 0.22794294768541637 0.2359375
2 0.35453537283064146 0.3890625 0.25339478949430205 0.240625
2 0.6045546435088059 0.371875 0.22138281017246655 0.2578125
3 0.8550447950803826 0.378125 0.24958058477957223 0.259375
3 0.10020964971180435 0.65625 0.2004192994236087 0.2234375
3 0.3549740587292336 0.63125 0.2686216832079958 0.265625
1 0.6067548825505511 0.6265625 0.2220720148871962 0.2390625
0 0.8525211468185748 0.63359375 0.22119871960192583 0.2203125
2 0.10613426013419444 0.88828125 0.21226852026838888 0.2234375
1 0.3354084596816376 0.88359375 0.22646841645877275 0.2328125
4 0.5884799557526963 0.86796875 0.23104890860089 0.2640625
4 0.8438395438420375 0.8703125 0.24245728949430187 0.240625