0 0.125 0.125 0.23046875 0.25
0 0.37578125 0.128125 0.2046875 0.228125
3 0.628125 0.1390625 0.18046875 0.21171875
0 0.884375 0.1296875 0.19921875 0.228125
3 0.13125 0.39375 0.196875 0.209375
2 0.3765625 0.384375 0.228125 0.22578125
2 0.6265625 0.3765625 0.18984375 0.24296875
3 0.8765625 0.39140625 0.21171875 0.2359375
3 0.11328125 0.64296875 0.2046875 0.2140625
3 0.3796875 0.62734375 0.22109375 0.2328125
1 0.63125 0.63125 0.18984375 0.22109375
0 0.87734375 0.646875 0.2015625 0.21171875
2 0.121875 0.8890625 0.19921875 0.22109375
1 0.3640625 0.88828125 0.1875 0.2234375
4 0.61640625 0.8734375 0.2015625 0.25234375
4 0.87109375 0.8859375 0.2140625 0.228125