3 0.12265625 0.12109375 0.2078125 0.2421875
3 0.3609375 0.125 0.165625 0.23828125
3 0.1234375 0.63125 0.17578125 0.22578125
3 0.3671875 0.63125 0.18984375 0.22578125
3 0.12421875 0.87578125 0.1890625 0.2484375
3 0.87109375 0.8890625 0.1703125 0.22109375
4 0.628125 0.1265625 0.1875 0.228125
4 0.63046875 0.88046875 0.1421875 0.2328125
2 0.8796875 0.13203125 0.165625 0.2234375
2 0.86875 0.628125 0.15859375 0.22578125
1 0.1265625 0.3734375 0.19453125 0.25234375
1 0.37890625 0.3734375 0.2140625 0.228125
1 0.88203125 0.38515625 0.1703125 0.2234375
1 0.621875 0.6296875 0.16328125 0.23046875
1 0.3703125 0.8796875 0.16796875 0.240625
0 0.6296875 0.36640625 0.22109375 0.2328125