3 0.1420094224252489 0.12206237199151015 0.24410615514950224 0.23971904379845022
3 0.3790087746770022 0.145094563538207 0.1982324506459955 0.2523401573089706
3 0.0936144891288292 0.6120470218992251 0.1872289782576584 0.26321710055371045
3 0.3187421892395702 0.6448547316445191 0.2216699506459955 0.25384210055371026
3 0.08190802745477944 0.8520211798265045 0.1638160549095589 0.282167359653009
3 0.785444323726465 0.9216372771410125 0.20217947100406092 0.15672544571797503
4 0.6451449144056844 0.1786229665282409 0.22842059839424209 0.2620551187523077
4 0.5467019987726076 0.896990125692138 0.19031982109634615 0.20601974861572395
2 0.8913492859357692 0.2171497501476583 0.21289572794389144 0.2626163232558144
2 0.8166895334717591 0.7089274375323018 0.19344482109634634 0.2504772686600226
1 0.11956332472314482 0.3563675208194909 0.23912664944628964 0.2977318028977489
1 0.36485093538205887 0.3905071930878563 0.26017124614248865 0.271870209745294
1 0.8626783636674039 0.4686924637504637 0.20750732109634598 0.2513784346068665
1 0.5716471437430769 0.6767507834625339 0.1985328392949434 0.25702765730897054
1 0.2883282942691007 0.8744067207733484 0.22932176434108592 0.2511865584533034
0 0.6149813433093383 0.4167342358065723 0.28148504163898186 0.28879689389073526