2 0.11377815746853279 0.15207229621667648 0.22755631493706557 0.24585386031120043
3 0.35219927219581687 0.16552811577121218 0.2644931655664099 0.27314968394862205
1 0.6157765201212244 0.1831133259326314 0.22775018216314943 0.2390936772806623
2 0.8565082638974472 0.1909728497295326 0.26198347220510565 0.2605221381909875
2 0.1097691461585207 0.40108375212603187 0.2195382923170414 0.2635515433417385
3 0.3349955037249776 0.4133119115288467 0.22351296805592077 0.2651459942501241
2 0.5890201528951406 0.43247559714445877 0.290085161417225 0.28300291607077455
2 0.8404642537249776 0.4545729641236189 0.24960187137526865 0.2610642721299111
2 0.10300198775293803 0.650477845308291 0.20600397550587607 0.2578436772806622
0 0.3152228423077526 0.6742494115288468 0.2600424639067359 0.27589204667571854
2 0.5824578864988939 0.685058463205535 0.2322008838228234 0.23635131455356592
0 0.8378082373287308 0.7074746945787815 0.23459217801396443 0.24741636031120037
1 0.08835730206530366 0.8818717533339798 0.17671460413060733 0.2362564933320403
3 0.3146029225921579 0.9014504139447428 0.21200678299298642 0.19709917211051434
0 0.5732442167832991 0.9008202216008279 0.24323347220510563 0.19835955679834427
3 0.8097145130490327 0.9054355741810525 0.24058206888575775 0.18912885163789497