3 0.14351468924012273 0.11882085497902187 0.24952937848024548 0.23764170995804373
3 0.3820144605274462 0.11194112510024631 0.1984039210548924 0.22388225020049263
3 0.16196258456821622 0.6089704130676102 0.2056701178365837 0.25182629958972597
3 0.4063135181083558 0.5990938925221785 0.22620113912390707 0.2564904888018452
3 0.17092159337029253 0.8494061589184252 0.24044930942249496 0.28243768216314963
3 0.9078385412372647 0.8265235047506628 0.1843229175254706 0.231632198759889
4 0.6505841440675857 0.10832856648720442 0.2347784636295394 0.21665713297440883
4 0.6781385136688802 0.836104027370687 0.16795159654926017 0.24585971950581326
2 0.9023487398605414 0.10001056347556207 0.1927330752619369 0.20002112695112415
2 0.902067011526017 0.5751502588998477 0.19586597694796595 0.261438097930052
1 0.1564345783640299 0.35021071970630596 0.23608959135348018 0.28676998465266035
1 0.4094338922260003 0.34046425372497763 0.24495113912390726 0.25791127884380155
1 0.9018024366422328 0.3313051705175654 0.19639512671553447 0.26226689212119314
1 0.6614926910048335 0.5868260777856056 0.1900451178365838 0.25064230788809566
1 0.4172174391632481 0.8448799892028305 0.20832522427320105 0.267569698759889
0 0.660324402869662 0.3230236869138123 0.2614502242732012 0.2715952705454317