2 0.10913266056087809 0.16556549101432533 0.21826532112175617 0.25300598202865066
3 0.3362163817280629 0.1557540145127883 0.2536450576656305 0.2568403101589518
1 0.599658084012055 0.14695196650437206 0.2455050090451115 0.25031749164729755
2 0.8394985119857876 0.140456462960993 0.25225297602842467 0.23027781015895182
2 0.11125732530562771 0.4144667824841376 0.22251465061125542 0.25640380054030487
3 0.338121961217562 0.4031473696849314 0.23069888059640906 0.265396854623989
2 0.5919839456137298 0.39792418946253005 0.2692700576656305 0.2573859471822604
2 0.8442015428547679 0.39420894553779784 0.25060194482076026 0.2582936827542901
2 0.11318175769037446 0.6629687698702659 0.21540807326946282 0.24146828130301118
0 0.3377280563108934 0.6645486611547436 0.26063204206179835 0.27112106496827515
2 0.6046632507929696 0.6488244905509892 0.23514736318355461 0.23124010943331239
0 0.8560995980340076 0.6450819647750915 0.23604812188998175 0.24842760943331238
1 0.10855729195025665 0.8891815510884591 0.2171145839005133 0.22163689782308182
3 0.3563674344209117 0.897480179126093 0.21130042740790572 0.20503964174781403
0 0.6143813302824687 0.8845759297590652 0.23637567051050076 0.23084814048186963
3 0.8452152504542851 0.8753323937315486 0.2337419934412793 0.24933521253690288