0 0.10433618548537041 0.1787103317584982 0.20867237097074082 0.2699206635169964
3 0.3354119452873151 0.17000748747094627 0.24931366069768474 0.2501538005403049
2 0.5737123191327781 0.14228182467174008 0.2713253617344439 0.2524801923729369
0 0.8266028732798152 0.1448438625981733 0.2905442534403697 0.24068952050323808
3 0.10376140409976879 0.42125249582364876 0.20752280819953758 0.26437999164729753
1 0.33028778199773223 0.41667415634542027 0.2616769596609255 0.24902781015895173
0 0.5799651532512969 0.3932639713136955 0.2864226814328699 0.2826042019915837
1 0.8266446636188896 0.3862054725796399 0.2725556710652775 0.2665426923729369
2 0.11034979278956072 0.6806101376562808 0.22069958557912145 0.26223713828925277
2 0.3376342244103253 0.6551563029873757 0.3174771918004624 0.2992659123358699
0 0.5884933868514364 0.6451092135091472 0.29234049076370316 0.2968303930985762
2 0.8285613122520381 0.6150943644122717 0.2624971658814811 0.2584028101589517
1 0.10808059132856555 0.8903348233209776 0.2161611826571311 0.21933035335804477
0 0.33999037045157576 0.8784027969121079 0.2862080679549995 0.2431944061757843
4 0.6057910277088905 0.8738790045776554 0.3061883772858328 0.25224199084468923
1 0.8262497906683812 0.872562057796699 0.22200886691824023 0.2548758844066018