2 0.11232392912609301 0.14407814590917117 0.22333832939624548 0.2805937081816577
2 0.3568998191446265 0.12107501156445444 0.2433234471822603 0.24215002312890888
2 0.8545734273119944 0.0825350864866762 0.2185218546239888 0.1650701729733524
2 0.159799196085952 0.6513771936795981 0.19266868275429005 0.25039275595208466
1 0.5917832506329722 0.105338437979615 0.1929415012659444 0.21067687595923
1 0.1281399352013608 0.3951489730126933 0.23583832939624552 0.28146779333095157
1 0.6263219748570746 0.330552697362769 0.22613594718226046 0.27143722946898113
1 0.4257044821982867 0.8426695571535809 0.252807574586922 0.27641966041123067
1 0.6778299773889633 0.8187739632022109 0.22964289309857638 0.2825932507563046
3 0.37753973447572137 0.36047977002681575 0.24532245680090714 0.28524835719292196
3 0.3965898679556509 0.6144570758430145 0.19137900126594437 0.25809599530842303
4 0.869780520460829 0.2906332656642149 0.26043895907834197 0.2882312455605246
0 0.661450976123019 0.5740077664205195 0.20840281015895173 0.25461036238870205
0 0.8980555872007938 0.540901063434642 0.2038888255984123 0.28103075075630457
3 0.9048189970895931 0.7891746724691492 0.1903620058208137 0.2713279688253195