2 0.11184277948891272 0.15396789220631427 0.22193952050323804 0.2826892155873715
2 0.3499504146981227 0.12423874221337299 0.24494051088459123 0.24847748442674597
2 0.8475694591631597 0.08812527139962324 0.23576391832631954 0.17625054279924648
2 0.16314245089527543 0.6590425290803695 0.21352681977759863 0.2650466892790121
1 0.5862599369306414 0.10676042128668377 0.18814487386128267 0.21352084257336754
1 0.13148319001068423 0.4025496053746114 0.24408733901489238 0.29177578925077724
1 0.6239236611547436 0.336291942686307 0.24219745680090732 0.2823097839891055
1 0.43200904590061756 0.8484866477503349 0.2495734471822603 0.2702648102974649
1 0.6832714455377978 0.8252410506211671 0.22490082939624542 0.2781837261107153
3 0.37605908002921773 0.36716802929213105 0.2581498390148923 0.29259483660582397
3 0.3989881816579818 0.6202552319370843 0.21379963828925294 0.2728591892790121
4 0.8690625463639536 0.29461486397299075 0.2560417019915839 0.27687883134415214
0 0.6637128805695227 0.57900308745287 0.232495074586922 0.27238875241907434
0 0.9034970553496283 0.5439932376928664 0.19300588930074342 0.2667911998023559
3 0.9094246515360969 0.7938567298003586 0.18115069692780636 0.266700194540684