0 0.13624937134819967 0.11611073330695257 0.24000125730360064 0.23222146661390514
3 0.4022737918028949 0.12706730219071333 0.23871149269310407 0.25413460438142665
2 0.6397465182639446 0.12292170830063494 0.25110239853730254 0.24584341660126988
0 0.8817976505691927 0.12944082977082044 0.23591377516050827 0.2588816595416409
3 0.11981584780924932 0.3533713894168741 0.23963169561849865 0.2490525801000249
1 0.37610320941821634 0.37323629387744317 0.23687625730360065 0.23958665188677947
0 0.6244179784929399 0.3730387509244368 0.2608865016215578 0.2730811134861197
1 0.8685537621781598 0.3885798682379872 0.23701262499835246 0.24739915188677947
2 0.1183879411542718 0.6120560676301195 0.2367758823085436 0.26026286473976085
2 0.36255535795881433 0.6125715785171792 0.26066831330995505 0.2605811134861197
0 0.6114331887219351 0.6248513035108616 0.25318309577735915 0.2791037929530063
2 0.8535934151829847 0.619366866984346 0.24328989853730257 0.24914350831327034
1 0.10145776542457079 0.853112976643035 0.20291553084914157 0.2625240467139299
0 0.3434160255741358 0.8590972375300947 0.24507058684890543 0.2616889724198931
4 0.6072739740320083 0.8631325535108616 0.2713330779204515 0.24527436223247853
1 0.844678516645682 0.8616907593042141 0.24926716314779931 0.23370036473976086