2 0.12734375 0.125 0.1921875 0.24296875
2 0.378125 0.12109375 0.209375 0.2359375
2 0.8796875 0.11796875 0.18984375 0.2359375
2 0.1265625 0.63515625 0.16328125 0.2234375
1 0.61484375 0.125 0.1421875 0.23046875
1 0.121875 0.3765625 0.196875 0.240625
1 0.621875 0.38203125 0.1875 0.2328125
1 0.36953125 0.875 0.2046875 0.25
1 0.621875 0.878125 0.178125 0.24375
3 0.37265625 0.3765625 0.2046875 0.24296875
3 0.36484375 0.63125 0.1609375 0.23046875
4 0.86953125 0.3765625 0.2140625 0.23046875
0 0.63125 0.628125 0.18046875 0.22578125
0 0.884375 0.63046875 0.18046875 0.2328125
3 0.87578125 0.884375 0.1921875 0.23046875