0 0.11875 0.134375 0.21875 0.21875
3 0.3859375 0.14375 0.19921875 0.21640625
2 0.6234375 0.1328125 0.22109375 0.21640625
0 0.87734375 0.1265625 0.2234375 0.240625
3 0.11875 0.3765625 0.21640625 0.22109375
1 0.3765625 0.390625 0.21640625 0.21640625
0 0.625 0.384375 0.23046875 0.24296875
1 0.87109375 0.39453125 0.2046875 0.2140625
2 0.121875 0.63671875 0.23046875 0.2234375
2 0.3796875 0.6296875 0.24296875 0.240625
0 0.6296875 0.63671875 0.21875 0.2453125
2 0.871875 0.625 0.22109375 0.22578125
1 0.1125 0.88046875 0.21640625 0.2328125
0 0.378125 0.8765625 0.22109375 0.23828125
4 0.64296875 0.8859375 0.2359375 0.22578125
1 0.88125 0.8859375 0.209375 0.228125