2 0.10984437865180033 0.11626985768013195 0.20093875730360064 0.2325397153602639
3 0.2380745186676864 0.1603451519532865 0.06945120373287823 0.1316424565847753
4 0.390449496346552 0.12019517656389271 0.22777399269310408 0.24039035312778542
3 0.6359665478886796 0.11750180476450281 0.2195796631477993 0.23283654671392995
1 0.8830034147726524 0.12089254387744312 0.23399317045469523 0.24178508775488625
2 0.12980587134490437 0.3612520855768082 0.2354773985373027 0.24891618778015676
3 0.38308087580913125 0.36248065030393384 0.22944558684890543 0.2612343313536661
3 0.6387950876596843 0.3691097688711255 0.18361488960884903 0.23022837226160836
1 0.8802558847375849 0.36521056439792127 0.22160581330995513 0.25944451082055264
4 0.12412248173276012 0.6177976022698556 0.2167273985373027 0.2483706185006847
3 0.3750264626580367 0.6175318631569153 0.2557626249983523 0.2479447211662517
1 0.6329889671222635 0.6186240355641729 0.23394217207625304 0.25043322367353404
2 0.8776565848170153 0.6193214028777233 0.21996149269310408 0.2547115467139299
2 0.12211351703953802 0.8609482086963464 0.2184262662320544 0.25622858260730724
4 0.37152318181219035 0.8646341836900288 0.22933649269310408 0.2549843313536659
1 0.6341050024290414 0.8616837137774184 0.23545012499835244 0.24735368778015676
1 0.8738013331954575 0.85381006314428 0.2523973336090851 0.24964361348611952