4 0.125 0.12734375 0.18046875 0.2359375
4 0.6234375 0.88203125 0.178125 0.2359375
3 0.375 0.13203125 0.22109375 0.2328125
3 0.625 0.13125 0.178125 0.22109375
3 0.8796875 0.12890625 0.21171875 0.2359375
3 0.1421875 0.3734375 0.18046875 0.240625
3 0.3875 0.384375 0.19921875 0.228125
3 0.875 0.384375 0.20703125 0.228125
3 0.12421875 0.884375 0.1703125 0.22578125
2 0.625 0.37734375 0.19453125 0.2359375
2 0.3703125 0.62578125 0.20703125 0.2328125
0 0.865625 0.88046875 0.19375 0.2390625
1 0.1234375 0.6265625 0.21640625 0.22109375
1 0.6296875 0.62734375 0.209375 0.2359375
1 0.875 0.634375 0.21171875 0.209375
1 0.38125 0.884375 0.18046875 0.23046875