4 0.15352958693238983 0.11852273333068195 0.22893417386477966 0.2370454666613639
4 0.6697245332167009 0.8718882552514582 0.22772687137526865 0.2446237986950898
3 0.40406238319812343 0.1230048723146145 0.2562070688857577 0.246009744629229
3 0.6542283265594276 0.13079054057927675 0.22303937137526866 0.2445692546944533
3 0.8913945946060597 0.13807413987909647 0.2172108107878806 0.25879538669636226
3 0.17609536162700645 0.35295118264641 0.225904262247062 0.26177493602799873
3 0.42246179876453327 0.37432455394654796 0.25727266141722505 0.2637010626989076
3 0.8900474273892647 0.3928889092139146 0.21990514522147073 0.2621749253659985
3 0.16914419275982623 0.8597284413192279 0.2265195688857578 0.24929311736154425
2 0.6603761958601039 0.3770297412476403 0.23816746390673593 0.25879538669636226
2 0.4109485713845575 0.6145137492839113 0.257154262247062 0.26213856269890756
0 0.8962544962750224 0.8737576485519144 0.20749100744995524 0.23539424936345305
1 0.1631855776083348 0.6056676499840916 0.24420397635429056 0.2354487933640895
1 0.6706671135011062 0.6263484885821402 0.24718726639624683 0.2542169746976349
1 0.8941335826829586 0.6438156098822783 0.21173283463408268 0.23871924403245295
1 0.4273002348763749 0.8715813619510022 0.2200327705454317 0.24609539202736244