4 0.14056930878351784 0.12232728064607841 0.20636138243296434 0.24083454152049333
4 0.5664673976444604 0.8906554693911026 0.2144285504177418 0.21868906121779474
3 0.3885611398101571 0.14338783304098665 0.2572527203796858 0.2647468853987139
3 0.6381154708367964 0.16451205243208927 0.21455588441013057 0.2505278765014653
3 0.8822010518634356 0.18541343733651156 0.2341972223568522 0.27316688045579796
3 0.13476634186387312 0.3607676981365644 0.22644838935304654 0.27441104547482603
3 0.3783107534228601 0.39495033304098665 0.22705588441013064 0.25103721247102034
3 0.8640108314837498 0.4397826023555396 0.23499571840251932 0.2544805474519924
3 0.08686404690192921 0.8667338552469269 0.17372809380385842 0.25189937551288216
2 0.6155879189361797 0.41009646646253417 0.21787188539871388 0.25534271049385404
2 0.33885036950702097 0.6335844101132933 0.23512305239490824 0.2576055474519924
0 0.8085593971501688 0.8977105771094877 0.2361125494291585 0.20457884578102464
1 0.10810036558986932 0.6110568582126765 0.21620073117973865 0.25336371642535305
1 0.5968392830431742 0.658965047983465 0.23199805239490826 0.25747821345960364
1 0.8405428620926472 0.6892414328878873 0.2552445514063251 0.2537457184025193
1 0.32537948262543237 0.8785786099426971 0.227437886387297 0.24284278011460572