2 0.09140625 0.12109375 0.1828125 0.2359375
3 0.2234375 0.1765625 0.05546875 0.125
4 0.375 0.12734375 0.19453125 0.2234375
3 0.62109375 0.13125 0.2046875 0.21640625
1 0.871875 0.1296875 0.22109375 0.228125
2 0.11875 0.378125 0.21171875 0.22578125
3 0.371875 0.378125 0.21171875 0.24296875
3 0.628125 0.3828125 0.16796875 0.21640625
1 0.86953125 0.37734375 0.1921875 0.2328125
4 0.11796875 0.634375 0.1921875 0.22578125
3 0.36875 0.6328125 0.240625 0.228125
1 0.6265625 0.63203125 0.20703125 0.2234375
2 0.87109375 0.63203125 0.2015625 0.2359375
2 0.1140625 0.88203125 0.209375 0.2359375
4 0.3703125 0.884375 0.19453125 0.23046875
1 0.63203125 0.88203125 0.2140625 0.2359375
1 0.878125 0.87734375 0.24375 0.2453125