2 0.08939337064678636 0.15159498701054977 0.17878674129357272 0.26881497402109955
3 0.1970000734966054 0.20588328528517988 0.06921474672063965 0.1324954257464694
4 0.3484264546588413 0.1592317964330447 0.23653944482076028 0.2656242720436281
3 0.5949705840120549 0.167846597809768 0.25043817051050077 0.2634826178365837
1 0.8451753018998793 0.18142205079564558 0.27214939620024126 0.261887266847848
2 0.11092645465884135 0.406686678596461 0.2218529093176827 0.275873357192922
3 0.3454398162605162 0.41072324061684606 0.2628496393028364 0.29237244234221577
3 0.6021401956137298 0.4200482361773705 0.2011817989592032 0.2444705378830699
1 0.8437478414752867 0.41812437530127766 0.22066878335537082 0.2598441656070108
4 0.10125214326159486 0.6627017318147697 0.20250428652318972 0.25526592625067257
3 0.3422484599743666 0.6661209348006473 0.2806169934412793 0.2749335700661568
1 0.6008388879480993 0.6693051910048335 0.23925500904511168 0.25803029333095145
2 0.8452439851891373 0.6738498514160642 0.24813204206179834 0.2788890965492602
2 0.10637731626051616 0.8856479228964778 0.21275463252103233 0.2287041542070444
4 0.34378222523951457 0.8884665563204018 0.24550500904511158 0.22306688735919628
1 0.6050063302824686 0.8929296352270721 0.24435194482076028 0.21414072954585564
1 0.8335374440318501 0.8842535757661398 0.2579164778374469 0.23149284846772034