4 0.1234375 0.12734375 0.18515625 0.2234375
4 0.38125 0.3703125 0.178125 0.23828125
4 0.628125 0.3859375 0.1875 0.21640625
4 0.88125 0.375 0.19453125 0.23828125
4 0.13125 0.6296875 0.209375 0.24296875
4 0.634375 0.6234375 0.18046875 0.19453125
3 0.3703125 0.12265625 0.1875 0.2453125
3 0.63125 0.12890625 0.18046875 0.2234375
3 0.875 0.1265625 0.17578125 0.21875
3 0.1375 0.37890625 0.209375 0.2328125
3 0.37734375 0.6203125 0.2140625 0.23828125
3 0.865625 0.878125 0.18125 0.24375
0 0.875 0.6359375 0.209375 0.22578125
0 0.375 0.890625 0.18984375 0.21875
0 0.634375 0.88203125 0.178125 0.2359375
1 0.128125 0.884375 0.178125 0.23046875