4 0.13603375452255578 0.12260280068427191 0.210638686114333 0.23512152936027153
4 0.4028781750330566 0.3724322673854067 0.19698562188998175 0.24277039735836253
4 0.6508177080497433 0.395617418085587 0.20537797602842467 0.2241294853596351
4 0.8945644281430749 0.392312794119949 0.21087114371385027 0.2571965240292714
4 0.16157922489677098 0.6249374600174992 0.23028944482076028 0.2525272053628168
4 0.6648270556294656 0.6331355994191323 0.2012703301668676 0.20534312269254434
3 0.381591915987945 0.13014477005090674 0.22880883197589003 0.25407152402927136
3 0.6443785210308992 0.1386679840865415 0.21088434757972224 0.2398090293602715
3 0.8882104081860289 0.14306677211963087 0.20595118611433313 0.23506698535963516
3 0.15937383649844583 0.37428347935231726 0.24616010628614954 0.2573965186982713
3 0.4073863698538169 0.6223322700509067 0.2412269448207603 0.25265447469763486
3 0.8995041915413999 0.8825430640515431 0.20099161691720013 0.23491387189691365
0 0.8953976670617984 0.6523417747851309 0.20920466587640335 0.23692038669636234
0 0.4134946862258747 0.8854934256842719 0.2277442989592032 0.22901314863145608
0 0.67274685549318 0.8843499173694983 0.19994684757972223 0.23130016526100333
1 0.16686866971753128 0.874846553349772 0.2221493962002413 0.24618629869508943