4 0.0992678295437645 0.15511316325300167 0.198535659087529 0.2616486734939967
4 0.35477775292856845 0.3596817529837718 0.23445189034162972 0.28332625241907444
4 0.6026886709133461 0.33900741900878373 0.2253660504177418 0.25162122611071513
4 0.8548069278334284 0.2915885745104519 0.2517667243340185 0.28745231029746476
4 0.12372669488648802 0.6533462659261898 0.24745338977297604 0.2926858418674957
4 0.6196374544879929 0.5733978295603622 0.21678954646340926 0.2324161998023559
3 0.33189730433489356 0.12894899352879094 0.23276205634924096 0.2578979870575819
3 0.5935669747911291 0.10501591076334008 0.2097410504177418 0.21003182152668015
3 0.8362638107606841 0.08546300298377177 0.20872237847863176 0.17092600596754354
3 0.11892709558965056 0.4034750685429083 0.23785419117930112 0.2781683155591367
3 0.36259161703556303 0.6078539424745456 0.25769838935304656 0.28000383134415224
3 0.8564039895455146 0.787970750847046 0.2297643903416297 0.2830532366340588
0 0.8590501229670622 0.5508802745245693 0.24293555239490844 0.2619972839891055
0 0.37239906266348843 0.8644833740728114 0.22941688045579803 0.2362692418957309
0 0.6319478176064044 0.8259845032661204 0.23094488836446345 0.2737692418957309
1 0.12530122817680805 0.8843309554169636 0.21647121148243725 0.2246036998023559