4 0.10130577388521352 0.15565458148028505 0.20261154777042703 0.25431583703942995
4 0.5960348577739997 0.36591328708631216 0.24012152749150975 0.26222833098930565
4 0.11280405363489829 0.6515256176828345 0.22560810726979658 0.27328400565734084
1 0.33340844367959815 0.1347234161820239 0.23499698491686286 0.25595105991206685
1 0.5869704862542451 0.12700077801112583 0.19542103268728983 0.22604539129415607
0 0.83711795172537 0.1150785366935287 0.25701409654926016 0.2301570733870574
0 0.10199455271410558 0.4071625393258073 0.20398910542821116 0.2606749213483853
0 0.3435982726247058 0.3798768348981306 0.2631983945717888 0.27954309601642036
0 0.8427677461416021 0.34417360071081216 0.26130811264080334 0.2748465056573407
0 0.10978600133738232 0.8843017562465161 0.21957200267476465 0.23116013817089823
0 0.59439205019309 0.8696240943661003 0.2124664210548925 0.24644879488495236
1 0.5936700563972763 0.6119206786750558 0.25105902749150977 0.262291963502863
3 0.3444841573860121 0.6352365005891751 0.22976318169855414 0.24811128883482797
2 0.8420747054085407 0.5886094019404762 0.2518238519971419 0.27322946350286303
2 0.3471346379402741 0.87652912110068 0.24662289976756888 0.24352378278470396
2 0.8378742524226631 0.8385321338882994 0.2252613519971419 0.2730749273985097