4 0.16218622464666646 0.11870753212895317 0.2118724492933329 0.23283104053191014
4 0.6721831071162956 0.4135079679454089 0.26638358350638836 0.28643088441013054
4 0.1774931981155544 0.6050933596955513 0.27460618661666614 0.2914367193911026
1 0.4047544334591201 0.14182533304098666 0.2563838669182402 0.26111254942915874
1 0.6597932479737497 0.17401438642447806 0.20277085136685144 0.2355740385547438
0 0.8944041108859722 0.19185443832509472 0.21119177822805568 0.25403487847863165
0 0.1584432358627308 0.3606576101898429 0.244293970028518 0.26529071345960364
0 0.42026929260166596 0.3814462485543063 0.241168970028518 0.2651633794672148
0 0.8952816886429165 0.43678493634792837 0.209436622714167 0.2766738824329643
0 0.17932626607055394 0.8573906887450242 0.2315205679549995 0.26165637749004844
0 0.6782907378424984 0.8963152203796858 0.20277085136685144 0.20736955924062847
1 0.6741822704058784 0.6588058804929791 0.23722376380796248 0.25566104547482593
3 0.4254324121118044 0.6362146615961679 0.23736046484472162 0.25722354547482595
2 0.9011396465836569 0.6831824338764705 0.19772070683268622 0.27029654844057555
2 0.43103502903004465 0.8788578176993569 0.23749716588148093 0.24228436460128613
2 0.9026812514141197 0.8939634945999735 0.19463749717176065 0.21207301080005295