2 0.15083063942190075 0.11281930871328824 0.23603627884380152 0.22563861742657648
2 0.4075542361025528 0.10965657468532783 0.2526084722051056 0.21931314937065566
2 0.1661759099673325 0.34727497385549083 0.23996676224706195 0.2760692829929864
2 0.41056545000928873 0.34761390289514066 0.2099473755244535 0.24893809793005187
2 0.6793479869509673 0.825403325711013 0.23660496390673594 0.27270748465266054
2 0.9071919962750223 0.8190070026760704 0.18561600744995524 0.24737559793005204
4 0.6600047298787756 0.10764777125876704 0.2173813672260838 0.21529554251753408
4 0.8932530925314672 0.106219308289081 0.21349381493706546 0.212438616578162
4 0.6597296135011061 0.587240474881176 0.24287827469461654 0.25298698050347534
3 0.6587544962750224 0.33587888442430136 0.22509877884380156 0.24387208963168217
3 0.16607839234490773 0.8540820035244849 0.21858866971559476 0.2604675937808672
0 0.9091572379766525 0.33261921678329903 0.17509877884380173 0.24008331618646545
1 0.1569947771934163 0.5994061589184253 0.22855566556640988 0.2689904888018452
1 0.415576871799476 0.5900265458415264 0.24732897635429066 0.2502171780139644
0 0.9090957318531216 0.5881471663683805 0.18180853629375662 0.24652349295103004
1 0.4155222852912934 0.8485377854685641 0.2185886697155947 0.2604675937808672