3 0.1546875 0.11117495202099903 0.25625 0.22173173870145294
2 0.40078125 0.1273197620544066 0.2328125 0.24802151869827127
2 0.665625 0.14758899809035947 0.2578125 0.2764374200349984
2 0.890625 0.17755086012090354 0.21875 0.2869203866963622
1 0.159375 0.35497949602163537 0.2625 0.2905544640356347
4 0.38828125 0.36779931138604305 0.25625 0.27329423870145303
0 0.64453125 0.399687300087496 0.24375 0.2590862880330894
0 0.8765625 0.4289497281189945 0.246875 0.2716226507001803
0 0.11640625 0.5997920093491357 0.2328125 0.2589590186982713
2 0.35078125 0.6243942093809525 0.2359375 0.2433703813653622
1 0.6203125 0.6548742394175415 0.2359375 0.2543078813653622
2 0.8625 0.6701923461170856 0.246875 0.2528726507001803
3 0.10703125 0.849682921347863 0.2140625 0.25561584269572607
3 0.33046875 0.8750371836807721 0.2453125 0.24992563263845574
1 0.5875 0.880025496697953 0.253125 0.239949006604094
0 0.84296875 0.8924811380489978 0.2421875 0.21503772390200454