3 0.121875 0.1203125 0.23046875 0.23828125
2 0.36796875 0.1234375 0.2046875 0.240625
2 0.634375 0.12265625 0.21640625 0.2453125
2 0.8828125 0.134375 0.22578125 0.25234375
1 0.14765625 0.38359375 0.2140625 0.2453125
4 0.3765625 0.3734375 0.228125 0.24296875
0 0.634375 0.3796875 0.20703125 0.22109375
0 0.871875 0.3859375 0.209375 0.228125
0 0.121875 0.6328125 0.19921875 0.21640625
2 0.36171875 0.6328125 0.2046875 0.21171875
1 0.6328125 0.63671875 0.19453125 0.2140625
2 0.875 0.628125 0.21171875 0.21640625
3 0.1265625 0.88828125 0.19921875 0.2234375
3 0.3640625 0.8890625 0.21171875 0.22109375
1 0.621875 0.8796875 0.22578125 0.240625
0 0.87890625 0.8796875 0.2140625 0.240625