2 0.11797689486347196 0.13374143001875022 0.23267296484472175 0.2668921399624996
2 0.3716391370877775 0.11802382042872708 0.26263386691824026 0.23604764085745417
2 0.16043496281847144 0.38508931654087986 0.23294636691824025 0.27001713996249954
2 0.4036381586714345 0.3575139548064359 0.23083706277120336 0.26363043892574034
2 0.7294335728094892 0.8060718661162513 0.24538757832259214 0.2881615472198142
2 0.9262458905281473 0.7766995585288443 0.1475082189437053 0.27728283581546265
4 0.6203794334591202 0.10397743463689864 0.24388386691824024 0.20795486927379728
4 0.8623912762018054 0.08210385169615812 0.22790755240361094 0.16420770339231625
4 0.6793386621118043 0.5664133352962976 0.24564185655064766 0.25562244929333283
3 0.6496539962303233 0.3170968404800938 0.22790755240361057 0.2478687378889811
3 0.21891573784249826 0.8735660561732873 0.23714585136685146 0.2471264441095368
0 0.8979158389730084 0.28435552511699236 0.16458734618305543 0.23302569641861082
1 0.18088132973671173 0.6367885175776391 0.2512274752123143 0.28402085136685146
1 0.4372584688507395 0.5978265965123619 0.2635128617344439 0.26493866069768474
0 0.9200557419182402 0.5360062080104646 0.1598885161635195 0.2386892275213885
1 0.46572238732411864 0.8511860423653248 0.20603255240361057 0.2459549233743516