3 0.1328125 0.12431334138279593 0.265625 0.2480811134861197
2 0.3711101122680544 0.1353119920159342 0.24840477546389117 0.2550752595669114
2 0.6363524749951509 0.14772839014179 0.2521675042520638 0.2629786877801568
2 0.8762281759035364 0.17350259461499423 0.2447376415249675 0.26743886724704347
1 0.1275115567380012 0.37550376834240007 0.2550231134760024 0.27901286473976084
4 0.3510854283194324 0.3806244920159342 0.274807778797871 0.2729901852728743
0 0.6069049936219043 0.40294708755536524 0.2528371839486219 0.2520866518867795
0 0.8431933089243764 0.4247013817620127 0.2647950500096982 0.26490490063313815
0 0.09489082665729162 0.6229410579967011 0.18978165331458324 0.24877979546028878
2 0.30575785543091677 0.6385135483632827 0.23373649758410409 0.22814904671392994
1 0.5757674664910233 0.6596828208623178 0.23631936364518022 0.24069451082055265
2 0.8179549664910233 0.6667297573888333 0.2486918178875456 0.23949572367353406
3 0.08273404104652879 0.8728273977301445 0.16546808209305758 0.24877979546028897
3 0.2780641926941221 0.885050432996701 0.25050940940281485 0.2298991340065978
1 0.536323102845843 0.8828054544732042 0.27027977546389115 0.23438909105359151
0 0.7927803969364875 0.8937466176427549 0.2456943636451804 0.21250676471449026