2 0.14975940862285494 0.1172203509887357 0.2286061827542901 0.2344407019774714
1 0.40422865381353146 0.11418319627748823 0.20716769237293703 0.22836639255497646
1 0.6411284530878921 0.1114573980028581 0.21298118275429018 0.2229147960057162
0 0.8789186297669144 0.11765313165921318 0.24052582939624542 0.23530626331842636
0 0.12815722713450922 0.34440057400142904 0.25631445426901844 0.2819812455605245
0 0.3670560029104069 0.33516841359019833 0.22402781015895182 0.2557029688253195
2 0.622296574417286 0.3461559180296738 0.30066472122887744 0.3078224797210827
3 0.8671180010963084 0.3430644969747815 0.24299606496827514 0.2632640965492602
3 0.10979287373405563 0.5978915607598771 0.21958574746811127 0.24763909654926017
0 0.3478421783234848 0.5952536077739997 0.24088792794496666 0.24752983590559854
2 0.5887027913001763 0.5939978383282616 0.24675598202865068 0.23702937848024544
2 0.8413367179791986 0.5903601140550606 0.27986114790789995 0.2923395913534801
0 0.10215768920807602 0.8458755926908624 0.20431537841615205 0.2707488146182751
1 0.3188540496528788 0.8451114961416023 0.2494097560752678 0.2683886391239071
0 0.5715152581830665 0.8406925218684013 0.2691220553496283 0.25262152749150957
3 0.8147295448435553 0.8166712417790013 0.28055062867060593 0.2674488519971419