2 0.128125 0.13046875 0.196875 0.2453125
1 0.3828125 0.128125 0.16796875 0.23828125
1 0.62109375 0.1328125 0.1828125 0.21875
0 0.8734375 0.1296875 0.22109375 0.23046875
0 0.1265625 0.3796875 0.22109375 0.23046875
0 0.3703125 0.3703125 0.19453125 0.22109375
2 0.628125 0.38125 0.25 0.24765625
3 0.8734375 0.378125 0.20703125 0.22109375
3 0.128125 0.6328125 0.209375 0.20703125
0 0.378125 0.6296875 0.19921875 0.196875
2 0.6203125 0.62890625 0.22578125 0.2046875
2 0.87578125 0.62578125 0.2359375 0.2359375
0 0.1296875 0.88203125 0.22109375 0.2234375
1 0.375 0.87890625 0.19921875 0.2140625
0 0.63046875 0.8859375 0.2359375 0.228125
3 0.8796875 0.8734375 0.240625 0.25