2 0.10932045784552229 0.14249330808858832 0.21864091569104457 0.28063838382282336
1 0.3624949339396131 0.11986619657343918 0.1889544574527388 0.23973239314687836
1 0.6008216357350111 0.1058431065291607 0.21391809601642037 0.2116862130583214
0 0.8524295875304093 0.09194424335201541 0.25139082493918147 0.18388848670403082
0 0.12422731947823248 0.3889655663869581 0.24845463895646497 0.2845688672260838
0 0.36186717828227233 0.3497567433520154 0.21859650565734076 0.25864498465266034
2 0.6196933138208918 0.32787713027511645 0.2875828549934109 0.30447954813983336
3 0.8643200125912278 0.2929414101446032 0.2326771863754999 0.26283557718412753
3 0.1321422750842596 0.6420430221958169 0.2435874152982611 0.25897687137526865
0 0.3814564738545956 0.6067521045548145 0.21529878883482798 0.22872068631233428
2 0.6229399919067724 0.5751781827646274 0.2497828731437835 0.2500754680559208
2 0.8699149858566482 0.5392836138788696 0.2546976321207737 0.28949316556640986
0 0.14406451640185675 0.8746303792494313 0.2560146924256242 0.2474240647365729
1 0.38939065194047623 0.8536979595338365 0.22166696350286302 0.2495067829929866
0 0.6449093989154141 0.825745945212182 0.2623828670936593 0.26821016141722503
3 0.8755281398402278 0.7825008176131361 0.24065331283893307 0.2915525730349426