3 0.13871278121819325 0.12270676785578502 0.26007443756361354 0.24521354781181842
2 0.4144394675158624 0.12587371623333757 0.25237106496827516 0.24829309601642038
2 0.6489409530878921 0.14599181527482002 0.24408733901489227 0.27948855386194266
2 0.8889558286784552 0.18724002575262094 0.21619546279135698 0.19653060811666875
2 0.13270828476157231 0.36178290339440444 0.2605109471822603 0.25771354781181854
1 0.37661205218476745 0.3811742945903646 0.19919150126594437 0.24642152380771334
2 0.623859074417286 0.39433386650448404 0.23156749164729754 0.23411242134838534
3 0.8730679007334887 0.41844457395722284 0.2343303930985762 0.268496511707465
0 0.09826509669221363 0.6061096203151131 0.19653019338442726 0.2527624273985095
2 0.3478967420258156 0.6216811199223296 0.22531749164729753 0.23407605991206673
1 0.5890748135326949 0.6519963755796703 0.2753720553496283 0.23592945140261462
0 0.8308803676163787 0.6643428812370111 0.20980161905195943 0.2371101563212706
3 0.08906741216623401 0.8482471233401752 0.17813482433246802 0.2652442466803503
2 0.31513877261103673 0.8660714693565955 0.2467758293962455 0.26700673458010193
3 0.5586705178017134 0.8716578731437835 0.262182574586922 0.25668425371243303
2 0.8213242852249085 0.8904265747427897 0.23749010943331222 0.21914685051442043