3 0.11391230567552602 0.13515625 0.22782461135105203 0.2703125
2 0.37777694170358034 0.11664545348392572 0.22868141424880087 0.23329090696785143
2 0.6132137939553337 0.12785926088705968 0.2579474120893327 0.25571852177411936
2 0.8576251280084899 0.12398617082441196 0.22169093460686645 0.19827969028743925
2 0.11782619679309674 0.38825485477713806 0.23565239358619347 0.24592758010002483
1 0.354755242137319 0.37801472209068854 0.2079078392949434 0.25090458511458974
2 0.6030623342100396 0.36065241119099356 0.21341735965300898 0.21519440564770323
3 0.8584810194352149 0.35400027975818515 0.2235328392949434 0.2513592261808165
0 0.096910068632336 0.6347577817367422 0.193820137264672 0.26082515439406195
2 0.3400664767164989 0.6193982400373772 0.2238937846991515 0.23265469028743926
1 0.5833158289682523 0.6201183394042389 0.2754562846991515 0.23415500580598766
0 0.8261541710409729 0.6029151528777232 0.1888178778516064 0.2207169799417404
3 0.08988121375968895 0.8737520855768082 0.1797624275193779 0.25140469028743906
2 0.3203898226467309 0.8656056503039338 0.22832046884459273 0.2530581185006845
3 0.5652715260705035 0.8530217676174843 0.24777137569213786 0.2645411877801568
2 0.8308965260705035 0.8452928694916284 0.23457046884459273 0.25323997492717537