3 0.1151333271035222 0.14329425811767485 0.2302666542070444 0.26653648376465033
2 0.34283807400142907 0.12978731696669835 0.2278728997675689 0.24586942775829593
4 0.5985089197943847 0.11766123823217248 0.2654821604112307 0.23532247646434495
3 0.8412427230126933 0.10753730580613116 0.21907705397461327 0.21507461161226232
2 0.10574780141516056 0.38461868750082384 0.21149560283032112 0.2569432954530476
1 0.34623159972822803 0.38254412419086875 0.21726318169855413 0.2503660129856435
3 0.5998864774521688 0.3593894476503888 0.23713863912390726 0.24447056899199798
4 0.8456742248542788 0.33715238880466064 0.2067955752619369 0.2345773717519415
3 0.10058541799123655 0.6399101594976466 0.2011708359824731 0.24904897483619665
0 0.33778068931699734 0.6261441197266419 0.22038818169855415 0.25042056006354424
3 0.5867480670409382 0.6030712638030129 0.22107659654926018 0.23794783360249455
4 0.8398730670409382 0.5986529504930579 0.24898307526193691 0.23531375730360066
2 0.09634086037188971 0.885004471186044 0.19268172074377943 0.22862738068039512
2 0.334252225687458 0.8774611578760888 0.24273307526193671 0.2352046631477993
1 0.588595518262105 0.8667792077966585 0.2009826178365838 0.24071827759614023
2 0.8299142869515382 0.8414989695677815 0.23590392105489216 0.24913079545304767