3 0.11484375 0.13415838816323294 0.2296875 0.25668322367353413
2 0.359375 0.1232364342835958 0.2078125 0.2464728685671916
4 0.6140625 0.10991324294037101 0.228125 0.21982648588074202
3 0.85546875 0.10623065030393386 0.2046875 0.21246130060786772
2 0.121875 0.37692254968343086 0.1984375 0.2432739415410805
1 0.37578125 0.3757846323572452 0.1828125 0.2428193004748537
3 0.62734375 0.35440241119099347 0.209375 0.23577969028743925
4 0.87265625 0.3332020464512326 0.2 0.24488190564770324
3 0.128125 0.6322094432569402 0.215625 0.25314904671392996
0 0.3796875 0.6194209720906885 0.1953125 0.24630801332783517
3 0.62734375 0.5973711611909935 0.1984375 0.23389894154108043
4 0.88125 0.5946707438648078 0.2296875 0.23480822367353404
2 0.1359375 0.8780758727238268 0.221875 0.24239340314042082
2 0.3890625 0.8691481874509523 0.2375 0.24597304420664762
1 0.6421875 0.8594392521780779 0.19375 0.24626254922121263
2 0.88359375 0.8375712977048739 0.19375 0.23063754922121263