3 0.1234375 0.12421875 0.22109375 0.2328125
2 0.371875 0.12890625 0.1875 0.2234375
4 0.62734375 0.1234375 0.2140625 0.21875
3 0.86875 0.1328125 0.18984375 0.21640625
2 0.1265625 0.3671875 0.18515625 0.22578125
1 0.3796875 0.3828125 0.16796875 0.22578125
3 0.63203125 0.37734375 0.2015625 0.2234375
4 0.87734375 0.371875 0.1734375 0.21875
3 0.1234375 0.62265625 0.1875 0.2234375
0 0.375 0.6265625 0.16796875 0.22109375
3 0.6234375 0.6203125 0.18984375 0.22109375
4 0.8765625 0.63359375 0.20703125 0.2046875
2 0.1234375 0.88203125 0.18984375 0.2359375
2 0.3765625 0.8859375 0.20703125 0.228125
1 0.6296875 0.88515625 0.165625 0.2234375
2 0.8703125 0.8765625 0.18515625 0.21640625