3 0.1171875 0.13046875 0.21171875 0.2453125
2 0.3921875 0.12578125 0.209375 0.2234375
2 0.6296875 0.13125 0.21171875 0.26171875
2 0.8734375 0.15546875 0.18984375 0.1703125
2 0.13671875 0.3859375 0.2140625 0.21875
1 0.38203125 0.38671875 0.1734375 0.2328125
2 0.6296875 0.38125 0.196875 0.20703125
3 0.88515625 0.38671875 0.1921875 0.2328125
0 0.11875 0.63203125 0.18046875 0.2328125
2 0.378125 0.628125 0.18984375 0.209375
1 0.621875 0.640625 0.24765625 0.209375
0 0.8640625 0.634375 0.16796875 0.209375
3 0.11875 0.8796875 0.178125 0.240625
2 0.371875 0.878125 0.2 0.24375
3 0.615625 0.875 0.22109375 0.25
2 0.88125 0.8796875 0.209375 0.240625