1 0.14948082594338974 0.11895632589185678 0.24271165188677948 0.23693080438150135
0 0.4050177721033238 0.12575929951023737 0.24128554420664763 0.241591030842551
3 0.6511031619159093 0.15660374512544076 0.21334240063313814 0.24735010714144487
2 0.896821175705963 0.18517262458802 0.20635764858807412 0.2426898806803952
1 0.138536280416594 0.36004893019392786 0.25129704169936506 0.26362967207625304
3 0.39025790478977335 0.3699087199649326 0.24683686223247844 0.27136035145940196
1 0.6490706151354724 0.40878385389173866 0.22124582884638358 0.2506114748361966
2 0.897394314462763 0.42260444074064407 0.20521137107447415 0.26305692775829587
2 0.12917696694310957 0.6019500580349494 0.23107546991261044 0.2664001160698987
2 0.3792140708623178 0.6344251874975285 0.2583653956185733 0.29186376623205457
1 0.6356231952354972 0.6443667978853843 0.24104150329870536 0.28687625730360067
4 0.8820427564328084 0.6605447715037649 0.23591448713438332 0.2730592191541536
3 0.1481472419494272 0.8513733595770769 0.25464936223247847 0.27149671915415396
0 0.3841445779219468 0.8810608595770768 0.2304389724198929 0.2378782808458464
1 0.6160848997087014 0.879159214689927 0.235399257059629 0.24168157062014614
2 0.8735480587216168 0.8962666684228051 0.2298479390337981 0.20746666315438986