4 0.11842685266810493 0.16551537537815234 0.23390576775153882 0.27478075075630465
1 0.36119420680654796 0.16381003578938297 0.2466514292169281 0.28034233590559854
1 0.6049065852552504 0.1652843265224445 0.24418817051050076 0.2630455752619368
4 0.8554421737898611 0.178133159830153 0.2671343475797222 0.25530948491686284
2 0.13815061171321646 0.4081945482746301 0.24845959068231735 0.2851390965492602
2 0.3859330144721785 0.41306699061684593 0.2466514292169281 0.28034233590559854
1 0.6326066186106214 0.411634802637231 0.23834760628614973 0.27042103268728984
1 0.8912380322815178 0.4145294817378951 0.2175239354369644 0.28684370818165766
0 0.16827296019744992 0.6710605350330783 0.19016241180407353 0.24214321337743777
0 0.41647144278459536 0.654167238018956 0.23316213930283639 0.29029649011264275
0 0.6648270556294656 0.6699771803611718 0.20323562188998173 0.25395479852673153
0 0.9025362590451115 0.6645841120597259 0.194927481909777 0.25137610174504027
0 0.19737504126882882 0.8907014096549262 0.21944047602842476 0.21859718069014775
1 0.4343018311829206 0.8882316095387104 0.21121189620024125 0.22353678092257923
3 0.6842608876053557 0.8971991950661566 0.22042312188998175 0.20560160986768672
2 0.9127068764125376 0.8892524322027573 0.17458624717492482 0.2214951355944855