1 0.1512695996394096 0.11233954771600785 0.24121080072118076 0.2246790954320157
0 0.4057388940923262 0.11528640603832234 0.26039721181534753 0.23057281207664468
3 0.6496882626334374 0.12573868752890024 0.23583362290951407 0.2514773750578005
2 0.892765462196597 0.12955927295552244 0.21199607940652782 0.2576841044771273
1 0.12717813620854157 0.3447249225466657 0.25435627241708314 0.2853863805964091
3 0.3736303364372914 0.34091609057077565 0.256400696047778 0.2881019448207603
1 0.6297523966577774 0.3665081535519315 0.2501143284565973 0.28621189620024123
2 0.881023955928333 0.3658243215760414 0.2250052256830557 0.28021420171816525
2 0.10955226548322898 0.5861687940979632 0.21910453096645796 0.2870374118040736
2 0.34402852973218695 0.6069881478977219 0.2502961664125003 0.29402439620024123
1 0.6000421403895133 0.6037149044564426 0.228275696047778 0.28662797602842466
4 0.8551472144777078 0.6059513545927282 0.24353702013597242 0.2718218475797222
3 0.11367410818878443 0.8342378018998794 0.22734821637756886 0.28464939620024127
0 0.3311966489388881 0.8565753900958057 0.23223584422416685 0.2556236374938138
1 0.5648085827344784 0.8435520104039078 0.24179268218006963 0.26392746042459264
2 0.8198591054359021 0.8481322105401935 0.23314372758291668 0.22758052464894368