4 0.15112412927468738 0.11863049129357273 0.2446267414506252 0.23726098258714545
1 0.40263207788791655 0.11395241774119651 0.21192334422416687 0.22790483548239301
1 0.6476354533628819 0.1158911753737705 0.22456881458888917 0.231782350747541
4 0.8878967774510762 0.12011226763999716 0.22326088772715308 0.24022453527999432
2 0.12470252716673583 0.34147709181397107 0.22627678495361137 0.2677960888732951
2 0.3734303146857983 0.34950984057077567 0.23899499050069464 0.27782618611433296
1 0.6215041387739928 0.35211478290514514 0.254838196047778 0.28802005766563055
1 0.885838742497465 0.3601099101106522 0.21399499050069473 0.27651599163225704
0 0.10066038943958282 0.6033562940979632 0.18659603590354185 0.23918640999505136
0 0.35300413943958275 0.5901315185445084 0.21079725531833357 0.2732272173219975
0 0.5983159862292009 0.6108280416115723 0.19462674145062522 0.24897084577069997
0 0.8456812954997563 0.6103489275235068 0.1992051386770836 0.24452900723608922
0 0.0979036378240622 0.842869173451177 0.1958072756481244 0.2736366530976461
1 0.316607472077152 0.8464158180695385 0.22336999050069464 0.27700731456303557
3 0.5629915095962146 0.8545713975590378 0.21940853590354195 0.2409060402527757
2 0.8246920758006242 0.8416365490748042 0.23655966831236128 0.2402442989592032