2 0.121875 0.1296875 0.21875 0.23828125
4 0.3765625 0.125 0.1875 0.23046875
4 0.621875 0.1359375 0.1875 0.22109375
4 0.88125 0.13359375 0.17578125 0.2359375
0 0.125 0.3828125 0.209375 0.22109375
1 0.3734375 0.378125 0.18046875 0.24296875
2 0.621875 0.3890625 0.22578125 0.228125
2 0.88203125 0.3828125 0.2234375 0.240625
1 0.12421875 0.628125 0.2234375 0.22578125
2 0.3765625 0.61875 0.20703125 0.21171875
4 0.628125 0.6265625 0.22109375 0.23828125
0 0.89375 0.6171875 0.2125 0.23125
3 0.1265625 0.8796875 0.209375 0.240625
0 0.3640625 0.884375 0.18984375 0.23046875
2 0.6203125 0.878125 0.19375 0.24375
2 0.87265625 0.89375 0.2203125 0.2125