2 0.10850091485070612 0.1600694591631599 0.21700182970141224 0.2701389183263198
4 0.3413848346450908 0.14662455117327716 0.2201696604112307 0.25084328130301126
4 0.5871343772197377 0.14894105243922148 0.2327789210548925 0.2528422909216581
4 0.8463290607598772 0.14937759517497814 0.2292168784802456 0.2464831635169964
0 0.10758077610495125 0.41349455952597963 0.2151615522099025 0.2550595553496283
1 0.3385283603718897 0.40026790634542025 0.2295118094224949 0.2729910998146655
2 0.5874575332683675 0.4019122850160263 0.2777307881351714 0.271557574586922
2 0.8461823232451244 0.3866692640494521 0.2752613519971419 0.2808234471822604
1 0.11124976638208221 0.6585987284004536 0.22249953276416443 0.26185519237293703
2 0.3412881015698134 0.6407937026245559 0.25120113912390724 0.2488095553496283
4 0.5935607957536146 0.6394222086998237 0.28016737328446534 0.28411213828925275
0 0.845527487339526 0.6200274010727607 0.24535533070981827 0.2766617368379741
3 0.10733299069372057 0.8873735144279703 0.21466598138744114 0.22525297114405946
0 0.32833000761844316 0.8844891058051154 0.24651363912390725 0.23102178838976925
2 0.5848367337332296 0.87526417254508 0.249824309422495 0.2494716549098399
2 0.8278054837332297 0.8877778300292176 0.23971733590559835 0.22444433994156476