2 0.10225284640920382 0.16551985866099875 0.20450569281840764 0.2685397173219975
0 0.33979777732375477 0.1600388998182859 0.24053513817089806 0.26565373473485204
4 0.6024295875304093 0.1511396918800842 0.16701582493918146 0.2477425384437537
0 0.8376221989667277 0.15721370872711188 0.21225560206654456 0.2376172659425165
3 0.12262287110067996 0.41514472241038014 0.22186695140261464 0.2787335888732951
2 0.35239672951193635 0.4123383842144537 0.2467487767345796 0.259731283355371
0 0.6119308107958297 0.3985879019659925 0.25785899355709246 0.2899919934412793
0 0.8573842113615637 0.3872254353213635 0.24534081283893308 0.28621189620024123
2 0.12585136846840134 0.6661716338757694 0.2312055899662962 0.27297491180407363
4 0.37130931421367525 0.6540279172311404 0.2312146803253758 0.27453741180407365
3 0.6284451033430909 0.6495296042499846 0.26251922247985354 0.2855501549066686
0 0.8816791876520462 0.6440453233810045 0.2311328670936593 0.2604749118040736
4 0.14796622122231695 0.8880698880596409 0.20444310206654456 0.22386022388071822
2 0.4018815615813966 0.8925670375392425 0.2497737827847038 0.21486592492151502
0 0.6598395073266705 0.8774870104018783 0.21718854176169416 0.24502597919624342
0 0.8935150705583871 0.8802562245580867 0.20460672852997774 0.23948755088382648