2 0.14457866061076283 0.12477248684582039 0.27353232122152565 0.24954497369164078
4 0.39907484197431103 0.11437477118786173 0.2293996839486221 0.22874954237572345
4 0.6458541181871083 0.11715574235454732 0.24059227546389117 0.23431148470909463
4 0.9009884796216676 0.11146827801200665 0.19802304075666477 0.2229365560240133
0 0.15985207168056761 0.3619778132812365 0.25439968394862206 0.25896328925077733
1 0.40860843607465397 0.35141422667541256 0.2406878703131401 0.2814907366340589
2 0.6579227809239029 0.35730239270042446 0.25545200091808395 0.25280429451244923
2 0.8962527309142047 0.3445392692628975 0.20749453817159064 0.2618152734657618
1 0.17128300562918966 0.6077908422204317 0.26221218394862206 0.25941831555913664
2 0.42278173275037234 0.592357745091264 0.24894690940281486 0.24931527346576168
4 0.6749659860843522 0.5949389005929323 0.25152977546389116 0.2619062787274338
0 0.9032198212215257 0.5782695271554052 0.19356035755694875 0.27302578925077725
3 0.18400537260834987 0.859808368528791 0.23746727546389113 0.26108723137238704
0 0.42148939715415706 0.8553960713855059 0.23890222970625655 0.2596157366340588
2 0.6768306013965225 0.8389542111021584 0.24084736697916026 0.2643942418957309
2 0.9026453495603548 0.8461773639729907 0.19470930087929048 0.22137228398910552