2 0.12492294724210717 0.12872022232518582 0.22182731029746475 0.24788197241000381
0 0.37409619461127125 0.12335563788794882 0.24562883134415214 0.24671127577589763
4 0.6370134235645838 0.11344366338976937 0.17338981029746475 0.22688732677953874
0 0.8728144156720761 0.10924722015219217 0.2095093208208084 0.21849444030438434
3 0.154327539109603 0.37820186715304266 0.2048218208208085 0.2504067716843645
2 0.3848417917404389 0.37093497105924145 0.24811679451244917 0.2441220553496283
0 0.6444520101704079 0.3524751146211539 0.26078339448421434 0.2741915012659444
0 0.8895657880412401 0.3376040496528787 0.22086842391751987 0.2526240361123347
2 0.1564338836079348 0.6294196267716895 0.20721877872743363 0.2380158990890262
4 0.40280835466873965 0.6122048118034142 0.23505535239083955 0.26081848202865066
3 0.6598396046687396 0.6032290827699885 0.2586748629141832 0.26476193756361344
0 0.8962242181829139 0.594335199290059 0.20755156363417235 0.2564583642426358
4 0.17513619390539956 0.8698809356646968 0.21933934712916772 0.25871034500534196
2 0.43193222547543064 0.8703074884824366 0.2557472839891055 0.24126987386128285
0 0.68897118075122 0.8480232275978455 0.21814086817585512 0.2649057813030112
0 0.9097773904320796 0.84282726299239 0.18044521913584077 0.2507887176006804