2 0.1234375 0.1265625 0.1875 0.22578125
0 0.37265625 0.1296875 0.2140625 0.23046875
4 0.6359375 0.128125 0.14453125 0.23046875
0 0.871875 0.1296875 0.17578125 0.228125
3 0.134375 0.3765625 0.18046875 0.23828125
2 0.36484375 0.38125 0.2140625 0.21640625
0 0.625 0.3765625 0.21875 0.24296875
0 0.871875 0.37421875 0.196875 0.2359375
2 0.1171875 0.6265625 0.18515625 0.22578125
4 0.3640625 0.62265625 0.19453125 0.2328125
3 0.62109375 0.62734375 0.2234375 0.2359375
0 0.87578125 0.63125 0.2046875 0.22578125
4 0.11953125 0.87578125 0.1796875 0.2484375
2 0.3734375 0.8859375 0.228125 0.228125
0 0.6328125 0.8734375 0.19453125 0.25234375
0 0.87109375 0.88046875 0.1921875 0.2390625