1 0.11875 0.13203125 0.22578125 0.2328125
0 0.3640625 0.12890625 0.18046875 0.2546875
2 0.6203125 0.12734375 0.22578125 0.2453125
1 0.865625 0.13359375 0.19921875 0.2328125
1 0.125 0.3703125 0.20703125 0.23828125
0 0.3734375 0.38125 0.18046875 0.21875
0 0.6296875 0.38125 0.20703125 0.22109375
3 0.8703125 0.384375 0.240625 0.21875
4 0.1265625 0.634375 0.22578125 0.240625
0 0.37109375 0.634375 0.2234375 0.22109375
3 0.6296875 0.6375 0.18984375 0.21640625
3 0.871875 0.640625 0.21875 0.19453125
3 0.13046875 0.8859375 0.1828125 0.22578125
2 0.3703125 0.8859375 0.21640625 0.22578125
2 0.640625 0.8859375 0.22578125 0.228125
0 0.875 0.8796875 0.18046875 0.240625