2 0.12625214079874028 0.12571112765916678 0.24124571840251946 0.25069490349472245
3 0.3782457223196711 0.14017824363482673 0.2406727154367699 0.23663240349472242
2 0.6258064718253795 0.14828625683694496 0.22418555239490826 0.2534198599917363
4 0.8757109713310879 0.15644882142583408 0.22542971741393636 0.24564372758291686
4 0.11066033840383202 0.3740213410900348 0.1729413873758802 0.2600322294827778
4 0.3620955044114432 0.38300152327010445 0.23113588935304658 0.2707528303564585
2 0.6119045034228601 0.39350783785899357 0.20824221741393636 0.24524368407993072
1 0.864870335932374 0.40330563763024385 0.18649455140632512 0.24785953780340292
0 0.10298311336555717 0.6269281355429515 0.20596622673111434 0.2426278303564585
0 0.3457861190127294 0.6297310529053822 0.27507689034162974 0.27645862290951406
4 0.6016859505336603 0.6442890878589935 0.2143648834215476 0.2422641544446531
3 0.8528492025108265 0.640751086243473 0.23617621642535305 0.24121080072118062
3 0.09894158840383202 0.87109375 0.19788317680766404 0.2578125
4 0.3308163991273352 0.8769102783525522 0.213375386387297 0.2461794432948956
1 0.5730357326254324 0.8783841456109377 0.24319022037968577 0.24323170877812467
2 0.8259378981387521 0.886944140861285 0.21774455140632512 0.22611171827742993