1 0.14041169047402038 0.122174179862598 0.26292661905195924 0.24334814937949703
0 0.384533712706539 0.14100806254904757 0.224682574586922 0.26564904671392997
2 0.6404563304925539 0.1578391760351673 0.2752827753125615 0.2842913981258558
1 0.8850322205110872 0.18607079077492825 0.22748019237293704 0.25636497492717536
1 0.1231249536360463 0.3484638952228619 0.24515876569391462 0.27092758010002493
0 0.3690178069940909 0.38377222406924555 0.22424606496827523 0.25314904671392996
0 0.623859074417286 0.4091743555020539 0.255932574586922 0.2665583288463836
3 0.8575520281381503 0.4355252214954561 0.26481650126594436 0.2527686134861197
4 0.11358131724570993 0.611358700316569 0.22716263449141985 0.27271740063313815
0 0.33989326906765766 0.6355249406831507 0.2667609471822603 0.2637515775927424
3 0.5969691590861912 0.6641202682758931 0.2335665012659444 0.25185933135366606
3 0.8376660809558899 0.6914569727490972 0.25640380054030487 0.2353537929530063
3 0.09186502995224888 0.8600773451437196 0.18373005990449776 0.25140469028743906
2 0.3125767678017133 0.874621398356965 0.26358138347992954 0.25075720328607004
2 0.5825346037365627 0.8874929544732042 0.26928574645662096 0.22501409105359152
0 0.8159100989272392 0.8975392073761981 0.2141617368379741 0.20492158524760384