2 0.12578125 0.128125 0.2015625 0.22109375
3 0.37734375 0.13359375 0.2140625 0.2140625
2 0.625 0.13125 0.18515625 0.22578125
4 0.875 0.1296875 0.19453125 0.22109375
4 0.1234375 0.37734375 0.14453125 0.2453125
4 0.375 0.3765625 0.18984375 0.24296875
2 0.625 0.3765625 0.1875 0.23046875
1 0.878125 0.3765625 0.14921875 0.228125
0 0.11875 0.63125 0.196875 0.21640625
0 0.3734375 0.6234375 0.240625 0.25
4 0.6296875 0.62734375 0.19921875 0.2328125
3 0.88046875 0.6140625 0.2015625 0.21171875
3 0.1171875 0.8796875 0.21640625 0.240625
4 0.3734375 0.8796875 0.17578125 0.240625
1 0.61640625 0.878125 0.2046875 0.24375
2 0.86875 0.87734375 0.196875 0.2453125