1 0.12301955983908457 0.13014634618646848 0.24603911967816913 0.25845737386128265
0 0.36057187721973777 0.1410293156012474 0.2069812455605245 0.26285220798203357
2 0.6166033559324143 0.15310276278350776 0.26523078813517137 0.27112106496827526
1 0.8620961723922747 0.17029029590061756 0.2394659636295394 0.2593105457309815
1 0.10997362059896183 0.36850944173996475 0.21994724119792367 0.2560764183263197
0 0.34928554391202926 0.39202882041057086 0.2212951178365838 0.24464784500534212
0 0.605207761981044 0.40566476759283115 0.2400451178365838 0.2453026094333124
3 0.8437785890845664 0.4210442640494521 0.27463863912390707 0.24962801088459124
4 0.1068189924968687 0.632462814335303 0.2136379849937374 0.2696131286706061
0 0.32455406963882816 0.6449082837500819 0.26737244234221585 0.257167692372937
3 0.5826015164205195 0.6617510764858385 0.2108275113999664 0.22869546279135697
3 0.8242973435240417 0.6772397003471212 0.2542497294689813 0.22553574645662094
3 0.08271540294653665 0.8817137914698122 0.1654308058930733 0.23657241706037552
2 0.30087699697478143 0.8855605324841376 0.2478576178365838 0.22887893503172485
2 0.5712987576184432 0.8884995379264332 0.27307613912390727 0.22300092414713363
0 0.8055644969747814 0.8947545163268869 0.2041076178365838 0.2104909673462263