2 0.13912966041040425 0.13110752438941659 0.23579880503579292 0.25457751139996637
3 0.39123819198043536 0.15807348801895593 0.23149073663405878 0.2340464901126429
2 0.6390309498729432 0.17773505003934092 0.21870231029746492 0.2549381443196873
4 0.8871737763083593 0.19756050302521858 0.22565244738328155 0.25570296882531945
4 0.14739499964706418 0.3798892318147697 0.17099285239083956 0.2640510643661734
4 0.3991395101704079 0.400605195444309 0.22926037869919877 0.2759062081816577
2 0.6494125259554234 0.4227743984301866 0.21079880503579282 0.2528293411013786
1 0.9027650391096029 0.44438087270338766 0.18598081555913665 0.25420617080279084
0 0.1527628520379037 0.6323586679527992 0.23745231029746475 0.2562492720436282
0 0.40726834151456004 0.6470431528696621 0.2881649418392609 0.2986988519971419
4 0.6640188704537552 0.6735556484301866 0.21852029977412107 0.2518131443196873
3 0.8991178523908395 0.6817169817378951 0.2017642952183209 0.24342149011264294
3 0.16691417022787622 0.86953125 0.24773736291418325 0.2609375
4 0.4173691965362355 0.8848689858376556 0.20509483660582398 0.23026202832468884
1 0.6596021991670714 0.8932083226640467 0.23478233660582398 0.21358335467190664
2 0.9017562759554234 0.9054565864098016 0.1964874480891531 0.1890868271803967