2 0.10539597539289414 0.11875 0.21079195078578827 0.2375
3 0.37371998221731967 0.11722071496692166 0.23664393713693724 0.23444142993384331
2 0.6160894187350843 0.10651852572679892 0.24282116252983138 0.21303705145359783
3 0.8753188695208726 0.09990290294653666 0.24921671174404308 0.1998058058930733
1 0.11211039412797848 0.371438321403539 0.22422078825595695 0.272748357192922
0 0.3616030101341944 0.3617309135901984 0.2455095148871962 0.25545159654926025
2 0.605644108562618 0.33843625317896775 0.25575781017246657 0.2748571604112307
2 0.8589874323839354 0.3160485289057667 0.1965283593866783 0.27383025595208477
0 0.10647036207727453 0.613625821403539 0.21294072415454907 0.272748357192922
3 0.34432765715765706 0.5988867061648453 0.21970899420903178 0.23651592625067258
3 0.59358279446121 0.5806783835007986 0.2621148180303493 0.2441534636295394
3 0.841547259515022 0.5734621911585827 0.2276670434232436 0.24018722946898113
2 0.09857647125906494 0.8744540607598772 0.19715294251812987 0.25021779333095184
2 0.322726523163873 0.8620422700268158 0.1886045434232435 0.23745571337743776
2 0.5840814001283438 0.8515536122134751 0.24568929735218498 0.22587335719292198
0 0.8445287485567672 0.8271117150437963 0.23845899420903152 0.2378270539746133