4 0.1178278446650228 0.1628184775802247 0.2356556893300456 0.2769443636451803
2 0.35782958664863723 0.16214802425594313 0.2231851507001803 0.26485895182646946
4 0.5994631033179553 0.1623225938104788 0.2260737933640895 0.24480154334173854
0 0.8697937846515007 0.18282550988125346 0.1666624306969986 0.23682980455162622
3 0.11564898794559342 0.4106022733378592 0.22631015070018026 0.26511404334173855
4 0.35952625728041154 0.41956191152884675 0.18394083736472577 0.24604530788560605
3 0.6105529552832751 0.4189392556291896 0.225020370703362 0.2884239975841041
1 0.8606893152848659 0.4276278268507153 0.22803628270208948 0.27930408909937315
3 0.12375019991250402 0.655245093641301 0.2200783320337257 0.2661663603112004
1 0.36840871924732216 0.6642685047111058 0.14796697469763495 0.23998675546001175
0 0.6217428045830948 0.6669621674479005 0.22948969470081657 0.2700566348570076
2 0.8693990545830947 0.6871781700329743 0.17293061203054413 0.23890248758216437
1 0.13973663721359642 0.8838806634857008 0.21212038136536213 0.23223867302859844
4 0.3905542498806873 0.8907042325811945 0.22625560669954395 0.21859153483761098
3 0.6453235658816417 0.8999751342530337 0.18555788136536222 0.20004973149393274
0 0.8830053792170963 0.8961402580450857 0.21704423870145284 0.20771948390982864