4 0.1375 0.13359375 0.20703125 0.2328125
2 0.37890625 0.12578125 0.2046875 0.2328125
4 0.621875 0.11640625 0.18984375 0.2015625
0 0.8921875 0.1265625 0.146875 0.22578125
3 0.12578125 0.38125 0.2015625 0.228125
4 0.3703125 0.3828125 0.16796875 0.22109375
3 0.621875 0.375 0.18046875 0.240625
1 0.871875 0.3765625 0.19921875 0.23828125
3 0.12421875 0.625 0.1828125 0.22109375
1 0.36875 0.6265625 0.13203125 0.21875
0 0.62265625 0.621875 0.2015625 0.23046875
2 0.8703125 0.63515625 0.15390625 0.2140625
1 0.1296875 0.875 0.196875 0.25
4 0.38125 0.88359375 0.18515625 0.2328125
3 0.6359375 0.8796875 0.15390625 0.21640625
0 0.87734375 0.88203125 0.1828125 0.2359375