2 0.09523068676828345 0.14991742903801722 0.1904613735365669 0.26579014192396555
3 0.3468426628623742 0.13140650010588076 0.25158172247985344 0.2628130002117615
2 0.5883534519917898 0.10822421074922264 0.24204309601642038 0.2164484214984453
3 0.846206858607648 0.09391253981547472 0.25758628278470397 0.18782507963094944
1 0.11244948214421498 0.4066833685287909 0.22489896428842995 0.2678832629424182
0 0.3679899132551577 0.37765050298377173 0.2750464935570923 0.2924884207925736
2 0.610336494539051 0.3362009374246352 0.2499555899662962 0.27540733660582395
2 0.8620535306434045 0.2949865902954675 0.20942149355709247 0.2886661998023559
0 0.12700662539278346 0.6471795659120725 0.2540132507855669 0.2867998629141832
3 0.3814564738545956 0.6135047029978893 0.22166696350286302 0.2456442418957307
3 0.62924453406125 0.5764241190229011 0.26860559601642037 0.25931189974588625
3 0.8769689617543472 0.550281035047913 0.24048059601642038 0.25767380503579285
2 0.1479389501450781 0.8824877343561589 0.25751355991206687 0.23211236291418302
2 0.3932878115813966 0.8619499082736783 0.21696128278470378 0.24224622611071495
2 0.6550338326586355 0.8420190269436437 0.2623010538619425 0.24957287869919895
0 0.8903582543016084 0.7994164850620306 0.21079309601642038 0.25594470506402783