4 0.12588191149637404 0.14273572120629652 0.23657116252983132 0.2681224492933329
2 0.3655608416039978 0.11722309231844932 0.2318108879227255 0.23444618463689865
4 0.6059846344080688 0.09011998619203751 0.22446926881613755 0.18023997238407502
0 0.8772239336222805 0.08073684132856555 0.19507286724456102 0.1614736826571311
3 0.13897918672265241 0.3902552701695373 0.24467476095825474 0.2750559544771292
4 0.38221976447291145 0.3579924084350933 0.19202064185166687 0.24710732026407375
3 0.6320185572769823 0.31495814203523265 0.23119445781510173 0.28632564514629594
1 0.8786408844080688 0.28136722615375165 0.24271823118386243 0.2878293565506477
3 0.16126952543116618 0.6330483629122224 0.2077911910658786 0.2515993306316663
1 0.4052913531814252 0.6007171506593989 0.15593759263745516 0.2408381964186109
0 0.6575794451997078 0.5606028327043994 0.23017561331561964 0.2644506451462959
2 0.9052356951997078 0.5389357183780572 0.1776670434232436 0.2396270109332404
1 0.19097210380059773 0.8665642004711114 0.22683228949430206 0.25948974307277767
4 0.4417169664970448 0.8438424340712508 0.2315925641014079 0.2614623461830551
3 0.6960769807650685 0.814528915079492 0.17759426881613755 0.23806451093324058
0 0.9115968953663236 0.7803324064553259 0.1768062092673528 0.27001713996249954