4 0.16086263431380649 0.10640962371987561 0.19702473137238702 0.21281924743975122
4 0.12630177115256816 0.3330792685570258 0.2526035423051363 0.2766968208208084
4 0.8613205767177649 0.3710562666320616 0.24386891026922974 0.2835992682040899
4 0.1034380002117615 0.5799388580054472 0.206876000423523 0.29637228398910553
4 0.5675118506070497 0.6030622137329944 0.2340388839608707 0.2752407366340588
4 0.08269431875466988 0.8291499027296579 0.16538863750933977 0.2792001945406842
4 0.283730571879616 0.8500561240022243 0.1924128260824803 0.25568709983059074
3 0.407608831697088 0.1154822448795025 0.24415733660582398 0.230964489759005
3 0.650175763295354 0.12210121209993419 0.2481013839608707 0.24420242419986837
2 0.8913622054169636 0.12275090038117072 0.21363537869919896 0.24550180076234143
2 0.3653325135071155 0.3446636977362173 0.2856013839608707 0.2782439102692299
2 0.5361352350620304 0.8610490189805489 0.20125720506402764 0.22038663666229397
0 0.6146576793203659 0.35505735323788556 0.24506738922254243 0.27744027346576183
0 0.774780506108718 0.840920716575592 0.22854774715740261 0.23443372611071495
1 0.3407974321629633 0.5921302319370844 0.23863537869919876 0.27395125241907436
1 0.8237317585277923 0.6153900955571393 0.21494027346576167 0.2414271787556686