4 0.1547591427759066 0.1188467476377473 0.20298171444818677 0.23332839908902617
4 0.1276859775097328 0.3525397013586116 0.2553719550194656 0.2774256286706061
4 0.8689702455141946 0.4473438692215952 0.23913939034162973 0.27827880054030485
4 0.10232786806132725 0.5978422776748141 0.2046557361226545 0.2730456635169965
4 0.5810869490507855 0.6579167483555375 0.21005938539871388 0.2538591538983496
4 0.09342375886006751 0.844389895460829 0.18684751772013503 0.276279790921658
4 0.3059755666178211 0.876507952856224 0.20706171939110263 0.24698409428755214
3 0.40415430631205995 0.14242069001068422 0.25731638737588014 0.2648710649682752
3 0.6465818868444076 0.1641865957231323 0.2467608893530464 0.2738641190519592
2 0.890540133878658 0.18678831513791122 0.21688238836446344 0.26813990870767296
2 0.36934958889812364 0.3821726707733905 0.27781988836446336 0.27026789309857635
2 0.5589904786710996 0.9000545968194406 0.20884971247102033 0.19989080636111894
0 0.6200525844494994 0.41205117684865833 0.2566452253226018 0.2866915012659444
0 0.7974945631577801 0.8985962789407586 0.22648288144438117 0.20280744211848295
1 0.3530083700013126 0.6296106659640671 0.22437655338349138 0.26060022721932724
1 0.8387575276059668 0.6896032910912941 0.2094227154367701 0.23823415389834962