4 0.1265625 0.134375 0.15625 0.22109375
4 0.128125 0.3796875 0.20703125 0.23046875
4 0.878125 0.3828125 0.196875 0.24296875
4 0.1265625 0.6265625 0.1875 0.24765625
4 0.61875 0.6265625 0.178125 0.23046875
4 0.13203125 0.878125 0.1921875 0.24375
4 0.375 0.8859375 0.15390625 0.228125
3 0.3765625 0.1234375 0.196875 0.246875
3 0.6203125 0.1296875 0.18984375 0.228125
2 0.878125 0.11796875 0.1875 0.2359375
2 0.3734375 0.3796875 0.228125 0.21875
2 0.63046875 0.89375 0.1671875 0.2125
0 0.62578125 0.378125 0.2015625 0.240625
0 0.86953125 0.878125 0.1796875 0.24375
1 0.3890625 0.6265625 0.178125 0.22578125
1 0.878125 0.6265625 0.178125 0.21171875