0 0.1701845674285038 0.11421755698520061 0.2528691348570076 0.22792605386194267
1 0.41984972758022465 0.12113621925839965 0.2303244551604493 0.23872719847574836
2 0.6699453224294736 0.14289408635205886 0.23214204667571856 0.241861288834828
2 0.901913186364518 0.1763297968298598 0.196173627270964 0.24960106596219106
1 0.162419091225405 0.3539022257013073 0.24371727546389113 0.24973742134838534
0 0.41793563865002953 0.36554020423128497 0.22952722970625672 0.24809310811666876
0 0.6651453495603548 0.3997753454272452 0.25385755000969823 0.259166963502863
1 0.908664994854098 0.42471275467538216 0.1826700102918039 0.24332379488495234
3 0.17157004805284432 0.5999323431877499 0.26635755000969835 0.2592396863754999
4 0.4180942327503724 0.61620327956325 0.25334736697916027 0.252916963502863
4 0.6601700335089767 0.6449423996819712 0.25490986697916024 0.25292605386194256
0 0.8938607322067416 0.6620582185710285 0.21227853558651688 0.27638173458010196
2 0.16960816169802462 0.8341846233401752 0.22595569061658183 0.2808692466803503
1 0.41531914548716714 0.8691919241770558 0.23654250425206377 0.2575044695529872
1 0.656390555638888 0.8739788972460844 0.2817274584944293 0.25204220550783135
1 0.8893163021357303 0.8880191922292324 0.22136739572853942 0.22396161554153515