3 0.1234375 0.1234375 0.23828125 0.23046875
3 0.3703125 0.125 0.21640625 0.25
1 0.6234375 0.1140625 0.21875 0.228125
2 0.8734375 0.1234375 0.22109375 0.23046875
3 0.11328125 0.3765625 0.2015625 0.25
0 0.3765625 0.3796875 0.22578125 0.24296875
3 0.625 0.37421875 0.228125 0.2328125
2 0.87734375 0.375 0.2453125 0.23828125
2 0.1265625 0.634375 0.21640625 0.240625
2 0.8734375 0.6296875 0.21171875 0.209375
2 0.1234375 0.8609375 0.22109375 0.23046875
2 0.3671875 0.88203125 0.18984375 0.2359375
1 0.3734375 0.62578125 0.23046875 0.2234375
0 0.625 0.6296875 0.21171875 0.21171875
0 0.62265625 0.88125 0.2046875 0.20703125
3 0.87265625 0.8640625 0.2046875 0.21875