3 0.11478466266598249 0.15178065730913753 0.22956932533196497 0.26293631461827505
3 0.3492045935805334 0.16119313418022865 0.25314422247985346 0.28946596362953936
1 0.6016574278894888 0.16008872813159886 0.24981014422102224 0.2533099423422159
2 0.852456858607648 0.17450006143930732 0.24508628278470396 0.24673216041123064
3 0.11018300019639174 0.4038512556999832 0.22036600039278348 0.28895251139996636
0 0.3680671813073344 0.4118322725478312 0.265680583916172 0.2965900487788332
3 0.61582797043675 0.41118133456821615 0.2451953670936593 0.2654821604112307
2 0.8635614884889268 0.4152178965886012 0.26876013212077365 0.28899607006615663
2 0.13057068472518 0.6633026653549091 0.2515726321207739 0.2877942029858776
2 0.875361009958949 0.6708341120597259 0.24358741529826133 0.2575603997675689
2 0.1371059892744937 0.8739291728964778 0.257722638170898 0.2521416542070444
2 0.38159633265863546 0.8903022079295562 0.21232832493918147 0.21939558414088758
1 0.3767916997522946 0.6586362167316325 0.26085672852997766 0.2728247668478481
0 0.6276274919067724 0.6667975500393409 0.24516809601642037 0.26079466041123067
0 0.6371014440949538 0.8973166684570023 0.232604463502863 0.20536666308599544
3 0.8864974560970064 0.8914322912372648 0.2185328731437835 0.21713541752547058