3 0.12180681615262415 0.1367909519917898 0.2436136323052483 0.26079309601642037
3 0.3539453859586963 0.13095203029971897 0.24364445454365713 0.26190406059943794
1 0.6073022110397741 0.11733644916311944 0.2510205779204517 0.2346728983262389
2 0.8581380081176748 0.113461494539051 0.23684898376465036 0.226922989078102
3 0.10950959334502246 0.3884125393258073 0.21901918669004491 0.27317492134838534
0 0.36594695941821637 0.38220694935951116 0.24032853977100482 0.2529351442210223
3 0.6138486712687694 0.36670362744539176 0.2544183133099551 0.2545794574527388
2 0.8600924257329963 0.35667814589035196 0.27190582223840887 0.27186695140261463
2 0.12285725284266909 0.6468926598373121 0.24571450568533817 0.2686237767345796
2 0.8673655888840909 0.611297468197255 0.24323535145940198 0.24045332493918145
2 0.1247588977298191 0.8710841387600732 0.2495177954596382 0.25772263817089824
2 0.3643734078793841 0.8751347927436528 0.22615694561520333 0.24660333098930565
1 0.3671201270335378 0.6282688831027325 0.26538308684890544 0.25620558996629617
0 0.618778084419864 0.6213365852909141 0.2305171631477993 0.22788060206654456
0 0.6206370446488594 0.8728627238545956 0.22577511606989872 0.22472833098930564
3 0.8703058080415399 0.8456315615813965 0.21804443668674978 0.22937037919390768