0 0.1514991139350444 0.11431387227605919 0.26575177212991125 0.22862774455211837
1 0.40046277241977535 0.10809708724298084 0.2303244551604493 0.21619417448596168
2 0.6472421775705264 0.11625415864651985 0.25736518728260194 0.2325083172930397
2 0.8900037624178356 0.1162873736134415 0.21157445516044932 0.232574747226883
1 0.11415854613208756 0.34378321496692166 0.22831709226417513 0.26740529333095153
0 0.3586268613499705 0.33612998005005884 0.22133209243335292 0.25628212303236386
0 0.6004796504396452 0.3518431893169973 0.24059227546389117 0.26384325075630455
1 0.8563789640751273 0.357252683112811 0.23341750425206378 0.27110944753799604
3 0.10430563635481971 0.589805909150723 0.20861127270963942 0.27663818169855414
4 0.31784326724962764 0.5883316184176615 0.23670200091808394 0.2542497294689811
4 0.5554549664910232 0.5989038596155851 0.24658718394862209 0.26115529333095167
0 0.8104295089146778 0.5966101140550606 0.2566955075860434 0.2898265965492602
2 0.07324734180513316 0.8264918081619872 0.14649468361026632 0.2938913836760257
1 0.2736795816340156 0.8438767780725873 0.23641495849442923 0.2697654688253195
1 0.5130131486034775 0.8333552692705111 0.27053486697916024 0.2690442029858776
1 0.7597128054212184 0.8277562072501261 0.25143418061464223 0.24440483590559836