1 0.1119759731635294 0.15836164524736457 0.22014702344038456 0.2739017095052709
1 0.3436369833425622 0.13945977148309352 0.3041610780361765 0.27891954296618704
4 0.5908729287467704 0.11667686954420202 0.2879958574935408 0.23335373908840404
0 0.8453403832502773 0.09576750886006753 0.27818076650055445 0.19153501772013506
3 0.1465965067829468 0.4052538912930318 0.2579474120893326 0.28011721741393636
1 0.38675113741233025 0.37588609038099835 0.3062242257844231 0.30390222729976807
2 0.6353993884920645 0.3446056209898957 0.2990730598375791 0.28958505931499057
0 0.8739212122139168 0.2991671511045015 0.25215757557216634 0.259006221368269
2 0.17942400292543548 0.6608353878329908 0.28440978253968324 0.27963705634924096
0 0.4306267550849038 0.6083020009514021 0.2795825801956447 0.2529472223568522
3 0.675969533462534 0.5865556990507855 0.28511068938722844 0.29057455634924095
0 0.8943564790236256 0.5508742311425576 0.21128704195274892 0.26761721741393635
0 0.218311731949061 0.8887547993919777 0.266542359653009 0.21968905338349137
2 0.47653524212809384 0.8602173280237085 0.2907203392949434 0.2565178913302127
4 0.7234905852805487 0.8391886091268976 0.26652137569213785 0.2679992193911026
2 0.9124229634459219 0.8012416456672942 0.17515407310815617 0.27460204646340924