1 0.10988349306614582 0.15245337462184766 0.21976698613229165 0.2888432507563047
1 0.3373337329981596 0.13365963396656438 0.28932229882131966 0.26731926793312877
4 0.5868070561364235 0.1148444779563719 0.2920108877271531 0.2296889559127438
0 0.8379156144570485 0.09176797485427876 0.2772937710859029 0.18353594970855752
3 0.1187655709540624 0.39538391979438464 0.2375311419081248 0.2904821604112307
1 0.3550251535916316 0.3628235200268158 0.28474390159486146 0.3038233945717888
2 0.6054070132990275 0.3289355670409381 0.28612456363895866 0.29612015521545054
0 0.8592593651226386 0.27998534276773707 0.2619597118153475 0.26323124556052446
2 0.1270842777838713 0.6507598346450908 0.2541685555677426 0.2872150487788332
0 0.37380694871013836 0.5947237300500589 0.274496079406528 0.2656678307098185
3 0.6208274190748606 0.5712105483515046 0.26410409327423634 0.2883405062041863
0 0.8682115653513884 0.5320723666529505 0.24161084422416684 0.260248357192922
0 0.13234092164031175 0.8822612069211498 0.2581073599917363 0.23176272427320085
2 0.39273356098298534 0.853913059751471 0.2570176386770836 0.2519659636295394
4 0.6414256341212493 0.8256031174092552 0.2385949469977085 0.2647173359055987
2 0.8709137655801381 0.784596433112811 0.22471428495361145 0.27154649011264276