1 0.11484375 0.12109375 0.2296875 0.2421875
1 0.3734375 0.12578125 0.24296875 0.2453125
4 0.6234375 0.1265625 0.240625 0.24296875
0 0.8796875 0.1265625 0.240625 0.240625
3 0.121875 0.3703125 0.228125 0.23828125
1 0.37421875 0.3765625 0.2359375 0.24296875
2 0.625 0.38203125 0.23828125 0.2328125
0 0.8796875 0.3734375 0.23046875 0.21875
2 0.12109375 0.628125 0.2359375 0.23828125
0 0.378125 0.61171875 0.228125 0.2015625
3 0.62421875 0.6265625 0.2234375 0.23828125
0 0.8796875 0.628125 0.22109375 0.21640625
0 0.1203125 0.88359375 0.228125 0.2328125
2 0.38125 0.884375 0.228125 0.228125
4 0.6296875 0.8859375 0.20703125 0.22578125
2 0.88359375 0.8859375 0.2328125 0.228125