2 0.12109375 0.140625 0.2015625 0.22578125
2 0.3734375 0.13359375 0.21171875 0.2359375
3 0.6234375 0.1234375 0.228125 0.22578125
1 0.88671875 0.12109375 0.1828125 0.2328125
0 0.1234375 0.378125 0.23828125 0.22578125
3 0.37734375 0.3796875 0.2046875 0.23046875
3 0.61875 0.378125 0.19453125 0.23046875
3 0.86875 0.3734375 0.209375 0.22109375
3 0.12734375 0.625 0.2359375 0.25234375
3 0.3796875 0.61875 0.22109375 0.22109375
2 0.6359375 0.62421875 0.19453125 0.2140625
3 0.86875 0.63125 0.19921875 0.22578125
1 0.121875 0.8796875 0.19921875 0.240625
2 0.36328125 0.8796875 0.1921875 0.240625
4 0.63125 0.8859375 0.21640625 0.228125
0 0.8734375 0.8796875 0.19453125 0.240625