0 0.11640625 0.12645340584419865 0.2328125 0.2529068116883973
4 0.36013885873015844 0.12793844480771976 0.2277196915466968 0.2412092012972462
0 0.6164889882798077 0.121903084419864 0.21089313695090492 0.22218646590774283
2 0.8618014882798077 0.11762113880466063 0.19919417334809958 0.23446827759614014
2 0.09901099282945702 0.3713783478092493 0.19802198565891405 0.22525691882984217
0 0.3526117512366177 0.3793509403434929 0.2370946915466968 0.24137284253094826
2 0.606618130786267 0.37335649026406265 0.21089313695090492 0.22218646590774274
4 0.8572992512366178 0.3705415872625331 0.21698245064599533 0.24414328652459388
1 0.09154144818198531 0.6213647110397742 0.18308289636397063 0.23463191882984216
3 0.3361602267164989 0.6238958271129681 0.22549585749354079 0.2552171542193456
4 0.5897358096899209 0.6124462638030129 0.190219691546697 0.24055463636243815
1 0.8396356801402716 0.6096449975709586 0.23689443244739827 0.23824784253094827
2 0.09310634330933827 0.8734357256502708 0.18621268661867654 0.2519285129856435
0 0.3206203601236596 0.8785696903434929 0.1881565437984502 0.2327148628234877
0 0.567895878322257 0.8680104711893393 0.23895758019564467 0.24608761606989873
2 0.8123467851698021 0.8528182991130862 0.23723439389073525 0.2679080689919978