0 0.10917041152019794 0.15232156847545247 0.21834082304039587 0.276518136950905
4 0.3458854983506473 0.1638352691214479 0.2178025801000249 0.24945498920265835
0 0.6017861573635628 0.16536270048911192 0.23213786473976086 0.25973115514950224
2 0.8465901920032989 0.1716579750092307 0.2036946159934022 0.24699132325581447
2 0.10861281888376076 0.4001780775747511 0.21722563776752152 0.26598115514950216
0 0.36046350923770704 0.41601833281653844 0.2416037929530063 0.26345693244739826
2 0.6140204182506225 0.4173955698597284 0.2112797954602888 0.23967947100406112
4 0.8651199169969812 0.4225288625784446 0.21495036473976087 0.25862973010335966
1 0.10924983330063494 0.6510291787467704 0.21849966660126988 0.2622553778516064
3 0.36506712655125745 0.6613005544389083 0.2295129699126104 0.27671839605020365
4 0.6180019099373523 0.6571589767072737 0.19151286473976087 0.25712778685861987
1 0.8668031227903338 0.6605795751015158 0.23838786473976087 0.26013167334809956
2 0.12909120797143053 0.8809891841454413 0.23512647241989287 0.23802163170911755
0 0.37192356565156254 0.8939373719915101 0.20516618778015677 0.21212525601697968
0 0.6190713502912986 0.8928783706026217 0.22905832884638358 0.21424325879475675
2 0.8618953477840161 0.8855792624123303 0.2186209340192331 0.22884147517533932