2 0.10494831585455881 0.16611414935137686 0.20989663170911763 0.25839670129724623
2 0.33927564620708717 0.13688675081407417 0.2506961165928393 0.25877853084255104
3 0.5882335803525283 0.11860612946587452 0.2797828392949434 0.23721225893174905
1 0.8513844224252489 0.10596798742139357 0.23473115514950216 0.21193597484278714
0 0.11457603485603507 0.4009703904229232 0.22915206971207014 0.2574342191541536
3 0.3446490569121437 0.3818310580382446 0.25744676434108593 0.2667001249983524
3 0.5864255467331109 0.3596621830398922 0.2348708574935406 0.2553807954530476
3 0.8370961752030259 0.33265580357731295 0.2534205983942421 0.2525830779204517
3 0.12132907773163464 0.64759992857237 0.24265815546326927 0.2954251428552599
3 0.3481293005906222 0.6197850255708406 0.2710086165928393 0.2591330868489054
2 0.6051803369878168 0.6028121651829847 0.22555641424880085 0.23180692775829587
3 0.8385435495108879 0.5901546578793841 0.23094482109634598 0.24282624837514694
1 0.10979319556109166 0.8810027637997176 0.2195863911221833 0.23701262499835246
2 0.3321085726467309 0.8697850255708406 0.24550796884459275 0.2508842102256999
4 0.6011088965208542 0.8611877268713819 0.26133322794389147 0.2542819456152031
0 0.8423043954411199 0.8359074886425049 0.22247098704319015 0.25672510714144503