2 0.11958060526873056 0.12804000963916573 0.23916121053746112 0.25608001927833146
2 0.37204305801956467 0.1196139882798077 0.2426858418674959 0.2392279765596154
3 0.6223615764354161 0.10885411011904697 0.266032336605824 0.21770822023809394
1 0.8855063185429085 0.09829508983942312 0.20611130503579317 0.19659017967884623
0 0.1217850882741778 0.36283306215393096 0.2435701765483556 0.269646375692138
3 0.35770972930624845 0.35301226943521496 0.2345093208208084 0.2578682665005543
3 0.5989339687829048 0.34066725401439485 0.21208828925077725 0.24709145280546368
3 0.8489794714137406 0.3238652760705035 0.24370231029746492 0.2553440437984502
3 0.11420119496420708 0.6089768769287557 0.22840238992841416 0.2945462461424887
3 0.34144217427045553 0.592224963759689 0.262907336605824 0.26435809839424207
2 0.5971006400695885 0.5859599676172003 0.22266176820408995 0.241542359653009
3 0.8292761032378856 0.5819781647194514 0.23772532608248048 0.2596310255998528
1 0.09125412403751788 0.8613904781007748 0.18250824807503577 0.26578089605020344
2 0.3052415508329286 0.8529517126799547 0.21594133134415214 0.25979171190476225
4 0.5721105324170772 0.8412983096899207 0.2513327997741211 0.2527196915466966
0 0.8144800429404209 0.8226532294942761 0.2298218208208084 0.2575678778516064