0 0.1234375 0.12265625 0.196875 0.2453125
4 0.36875 0.134375 0.1875 0.21640625
0 0.625 0.1328125 0.19453125 0.21640625
2 0.8703125 0.1328125 0.16328125 0.21640625
2 0.11796875 0.3734375 0.1921875 0.22109375
0 0.37734375 0.3859375 0.2046875 0.22109375
2 0.63125 0.384375 0.18046875 0.20703125
4 0.88203125 0.3859375 0.1828125 0.22578125
1 0.11875 0.6234375 0.1875 0.22578125
3 0.3765625 0.63046875 0.18515625 0.2328125
4 0.6296875 0.6234375 0.165625 0.23046875
1 0.8796875 0.625 0.20703125 0.22109375
2 0.13515625 0.878125 0.1890625 0.24375
0 0.378125 0.8859375 0.16796875 0.22578125
0 0.625 0.88203125 0.209375 0.2359375
2 0.86875 0.8734375 0.19453125 0.25234375