3 0.14171812134819967 0.12142611061443875 0.19156375730360065 0.2393601442797027
3 0.37913630073134863 0.1344072933687288 0.24797739853730275 0.2506994375636135
3 0.6366624285723701 0.15981655425332003 0.21502853084255094 0.24174109981466554
1 0.8866487918028948 0.16932799662625694 0.2261023985373029 0.24993554573098153
1 0.1224151477298191 0.3763765054422956 0.22459444561520336 0.25300598202865066
1 0.36763219034349287 0.39041175670823997 0.21047739853730266 0.24938990870767297
2 0.6237730961876915 0.4056102038905003 0.2149467102256999 0.23705359981466553
3 0.8799549123403156 0.4184649010727607 0.2058444456152035 0.2523512176006804
0 0.11514456980936741 0.6137673780376339 0.2264024074657564 0.26712304573098145
2 0.35790876826723983 0.633970783750082 0.19652399269310408 0.25514883538669525
2 0.6093076270335378 0.6521305398253497 0.22464899269310407 0.2561309820286507
3 0.859157622569311 0.6694544821982866 0.2435353603878557 0.26459824645662094
0 0.1053094683466701 0.8664013047166563 0.2106189366933402 0.26405260943331255
3 0.34892568588256134 0.8742460484097203 0.23725808684890543 0.2515079031805595
2 0.5986665872625331 0.8910342608845913 0.2009933043815014 0.21793147823081754
3 0.8463501108014835 0.89353675670824 0.230735351459402 0.21292648658352