3 0.13125 0.12265625 0.17578125 0.2359375
3 0.36875 0.11640625 0.21171875 0.2328125
3 0.6265625 0.1328125 0.19453125 0.21875
1 0.878125 0.125 0.19921875 0.22109375
1 0.125 0.38515625 0.19453125 0.2234375
1 0.3703125 0.38203125 0.19453125 0.2328125
2 0.6265625 0.37890625 0.19453125 0.2140625
3 0.8828125 0.37421875 0.18515625 0.2328125
0 0.1296875 0.62265625 0.1875 0.2328125
2 0.3734375 0.62578125 0.17578125 0.2359375
2 0.625 0.6265625 0.19453125 0.22578125
3 0.875 0.62578125 0.21171875 0.2328125
0 0.1234375 0.878125 0.209375 0.24375
3 0.37734375 0.871875 0.2046875 0.23046875
2 0.628125 0.8796875 0.1875 0.23046875
3 0.87578125 0.87109375 0.2046875 0.2234375