0 0.1368631059834553 0.12589857343610728 0.2543987880330894 0.25106972116625165
2 0.38224833131763714 0.1267864381758682 0.2057249306969986 0.22934783386094854
3 0.631239814648319 0.15356921318218586 0.2388101507001803 0.25374008010002486
4 0.88185743264641 0.1749287022951262 0.23552151869827115 0.23958665188677952
3 0.12556679831715983 0.3685490746897485 0.25113359663431967 0.2604901852728744
1 0.37292568594845693 0.3906670817493775 0.24667719470081656 0.25865490063313834
4 0.6344808039465479 0.41234481960867664 0.23261469470081658 0.25824572367353404
4 0.8758779632797753 0.4201502740818809 0.22467492536599848 0.2470809031404208
0 0.12087973858214025 0.6263843067430599 0.23246924403245303 0.24574572367353403
2 0.3770024692473221 0.6447779202291796 0.23559424403245313 0.24583665188677947
2 0.6089064499125041 0.6624668400626478 0.2153362880330894 0.2499331185006845
0 0.8651200872454131 0.6730479535487675 0.25285446936663475 0.252586757059629
4 0.10350352394972959 0.868762023356965 0.20700704789945917 0.25627404671392995
2 0.3530360685471419 0.88458743174306 0.21682606269890758 0.23082513651388012
2 0.6077235685471418 0.8878339352728745 0.22621924403245294 0.22433212945425113
4 0.850655955880051 0.8942323509497074 0.26208401869827114 0.21153529810058522