3 0.12193454210278445 0.1434472162236991 0.20565975607526776 0.26417882325581443
3 0.3589707506329722 0.1453856577703959 0.23663693756361343 0.2583689142488009
3 0.6177827554422957 0.16820709823735855 0.22876987386128267 0.25630576650055426
1 0.8689087458236487 0.17182795573089923 0.23156749164729754 0.24713102559985295
1 0.13500749409436824 0.40619754009782233 0.23529269237293696 0.2645187846991515
1 0.37991076632688686 0.4101991293927658 0.23885420199158372 0.2772190437984502
2 0.63494300670824 0.4140703107604298 0.22542661905195924 0.24985550740125556
3 0.8880220889724834 0.4172103069029185 0.22395582205503323 0.2734932665005543
0 0.1565551449974929 0.6437673912698416 0.2149256286706061 0.26165460055371026
2 0.40014145389050026 0.6547001010151356 0.19762900126594438 0.25742817550756775
2 0.6514038535276806 0.6622272085086764 0.22257443756361345 0.25746774830195707
3 0.890961094414779 0.6688228716777431 0.218077811170442 0.26149391424880086
0 0.16668414626343725 0.8811696568475453 0.2364732464566209 0.2376606863049094
3 0.42120795515644466 0.8863554094684389 0.22720737386128267 0.2272891810631222
2 0.6718800777517829 0.8901189632152093 0.2260268197775986 0.2197620735695814
3 0.901158283750082 0.8936321930878564 0.19768343249983608 0.21273561382428738