0 0.1265625 0.13033415665497755 0.253125 0.2606683133099551
2 0.3668344958433649 0.12599507873123056 0.19042172618081654 0.2110307775961401
3 0.6165162470970061 0.14129634496328497 0.23512647241989287 0.24460693668674965
4 0.8702633727238268 0.1511970450427152 0.22327969028743908 0.21316602191409725
3 0.11571226504369478 0.38026597280760166 0.23142453008738956 0.23531375730360066
1 0.3622533297708205 0.39089337580913125 0.251024257059629 0.254254672076253
4 0.6238356874509524 0.40014919358331313 0.2146321159934022 0.23800238068039511
4 0.8654692579840658 0.39655045535114075 0.21288775956691133 0.23172510714144484
0 0.11430860860456879 0.6382557508107789 0.2286036877801568 0.23512284253094826
2 0.3705131444979461 0.6442911111986346 0.22529683135366607 0.2288182954530477
2 0.6024534662847008 0.6514662317327601 0.18917747492717538 0.22194100405718978
0 0.8557830547645027 0.6488532950427152 0.2588822211662517 0.25595353977100466
4 0.1030829182506225 0.8774119338473758 0.206165836501245 0.24517613230524837
2 0.35087527975818517 0.8851580243497292 0.2224446159934022 0.22968395130054162
2 0.6055855118114966 0.8866268413131323 0.2162400801000249 0.22674631737373546
4 0.850094029758185 0.8893990596565071 0.2490071159934022 0.22120188068698568