2 0.12918075973923265 0.14558034011120066 0.20743421915415375 0.25396828130301125
1 0.3633648449665802 0.1271664014088698 0.21371149269310408 0.2543328028177396
0 0.6012915389602258 0.10708578058522107 0.22423988960884902 0.21417156117044214
3 0.855211425729701 0.1065450888452563 0.222922851459402 0.2130901776905126
0 0.1303922524323367 0.3941269675158624 0.23095353977100475 0.2594742368379741
1 0.38338088473758497 0.37747514773826374 0.2057080779204517 0.2445387176006804
3 0.6268308758091312 0.35177571017465026 0.20441831330995514 0.26010915389834965
0 0.885946777189103 0.32787438558772813 0.18098081330995514 0.2592906983633867
1 0.14953158481701523 0.6397023623437192 0.22823764285525985 0.28280260943331237
2 0.3916099906612139 0.6249949884824366 0.22001603977100476 0.25909229092165803
4 0.6351418023496113 0.6039830509188231 0.2576251339268062 0.26665181977759855
1 0.8918184963432567 0.5746948218853973 0.2105592191541536 0.25407740870767304
2 0.15996807304589242 0.8793278575343958 0.24622398376465035 0.23970737386128285
4 0.40604818627641726 0.869952824417286 0.21343875730360065 0.2401240361123346
1 0.6604356773479635 0.8438714409373566 0.19364445454365703 0.26910220798203355
0 0.8923604184228051 0.8299998807784048 0.21527916315438986 0.2579663005403049