2 0.13783236061443874 0.13601455275789281 0.19412205534962834 0.24520462613895005
1 0.3719618239539499 0.12535006854290837 0.23087801088459123 0.25070013708581673
0 0.6096701550794759 0.09782540155541433 0.2104365361123346 0.19565080311082866
3 0.8637400961864685 0.10334074772209992 0.23998019237293705 0.20668149544419984
0 0.1386954892850448 0.38490707906625204 0.2465575745869221 0.2732077997741211
1 0.3924653300292177 0.3662124740445766 0.19379467313564325 0.23582962613895003
3 0.6357515385594054 0.33873440322376813 0.18809031015895172 0.25109060509226266
0 0.8947991563454203 0.3142525297862412 0.1853472560752678 0.261846094568919
1 0.1582267724021546 0.6303637922345491 0.19946431977759865 0.2642276419239657
2 0.40035970869982374 0.6146954766754125 0.2260268197775986 0.26577473137238705
4 0.6438096083370041 0.591904905854604 0.23469249164729752 0.2460082629424182
1 0.891592294233369 0.5605282903095848 0.21681541153326195 0.27560475768074627
2 0.16821936441227184 0.8716790369728773 0.25215281015895175 0.2548218208208084
4 0.4143949599657681 0.859689458259561 0.21605161905195924 0.2480411998023559
1 0.6693453547936249 0.8299663479762138 0.2044792019915839 0.2738756577089809
0 0.8965526293035783 0.8149882771554052 0.20689474139284342 0.2619062787274338