2 0.1453125 0.13125 0.165625 0.22109375
1 0.3796875 0.13203125 0.18984375 0.2328125
0 0.61875 0.12421875 0.19453125 0.2015625
3 0.8734375 0.134375 0.196875 0.228125
0 0.12890625 0.37890625 0.2046875 0.2328125
1 0.3828125 0.384375 0.16796875 0.21171875
3 0.6265625 0.3796875 0.165625 0.23046875
0 0.88671875 0.37890625 0.1421875 0.2328125
1 0.13125 0.62578125 0.18046875 0.2453125
2 0.3734375 0.63203125 0.196875 0.2359375
4 0.6171875 0.63203125 0.21640625 0.2234375
1 0.875 0.625 0.19453125 0.23828125
2 0.125 0.8796875 0.22109375 0.240625
4 0.37109375 0.8859375 0.1828125 0.228125
1 0.6265625 0.87578125 0.1625 0.2484375
0 0.8703125 0.88203125 0.21640625 0.2359375