0 0.15209714149649317 0.11852873407381012 0.21981928299298636 0.23214318401734038
1 0.40743583693238977 0.1419563417263215 0.21487167386477957 0.24896666297065298
0 0.6598746753146723 0.17843768622465328 0.23722027054543168 0.25649073663405886
3 0.9013615904568748 0.21023153072298503 0.1972768190862503 0.2553986734939967
1 0.16612836577619133 0.3550199709196305 0.23059176224706196 0.27166071032569966
1 0.4130392545733922 0.3904015470021108 0.2427365647365729 0.26770125241907444
0 0.658932095030267 0.4226126204537552 0.22303937137526866 0.25410918927901227
3 0.8996592257295907 0.45472498336793843 0.2006815485408186 0.25943372611071513
2 0.15964618051276422 0.608205884102045 0.24321016141722498 0.27395125241907436
2 0.4180982205547205 0.6419262496470641 0.2600424639067359 0.27026481029746474
4 0.6582263130861877 0.669912554682857 0.22760847220510563 0.2528197050640276
0 0.9069058085127957 0.7028516702278763 0.18618838297440873 0.24998313140062187
3 0.16693049732392956 0.858304594639506 0.22185537967363844 0.23848418927901208
1 0.4125865394404783 0.8761935327795684 0.22891086307689895 0.24761293444086335
0 0.6596983377808043 0.8838267813582696 0.279029262247062 0.23234643728346072
0 0.893307095030267 0.9071417259695409 0.21338580993946615 0.18571654806091828