0 0.13671875 0.11275841277383916 0.2015625 0.22551682554767832
1 0.39140625 0.11446500795081231 0.19375 0.22893001590162462
0 0.6421875 0.12152251276752153 0.215625 0.24304502553504306
3 0.89921875 0.12461665663864703 0.190625 0.2352341210079671
1 0.13671875 0.3491468906705154 0.20625 0.262251262074194
1 0.3828125 0.35917379387744314 0.20625 0.2466262620741939
0 0.62734375 0.3653399111909935 0.2078125 0.24979672618081664
3 0.884375 0.37114231565156247 0.2203125 0.256410439033798
2 0.115625 0.6044481561099216 0.20625 0.252876262074194
2 0.3734375 0.6117903285171792 0.2390625 0.26164350831327016
4 0.6125 0.614990570203909 0.2234375 0.25806386724704355
0 0.86953125 0.620792974664478 0.20625 0.259126262074194
3 0.109375 0.8554112625364123 0.21875 0.2485524749271754
1 0.35234375 0.8608415939565853 0.2 0.25894440564770316
0 0.5984375 0.8521184971635132 0.25625 0.2683936134861195
0 0.84921875 0.8627902580505727 0.2078125 0.23104672618081673