3 0.13847911397194568 0.12262842100914133 0.24052008019564478 0.24525684201828266
2 0.387948187846069 0.11982229053001395 0.22988296884459275 0.2396445810600279
0 0.6405119833425623 0.11653456679200425 0.2145187846991515 0.2330691335840085
1 0.8734548912698417 0.10710708199104128 0.2412815437984502 0.21421416398208257
1 0.1535683975913631 0.3666159576102138 0.23290783929494338 0.2554281703877142
1 0.39517490669066174 0.3584972808123589 0.24586891424880086 0.23889564185166687
2 0.6476385726375057 0.3608430690683158 0.2458083574935408 0.26226036724456103
0 0.8913334049187895 0.3368810684491433 0.21733319016242092 0.20811652274507902
2 0.16270806985972847 0.6192871933421902 0.24234339605020358 0.23250009263745514
2 0.4148212823827997 0.6161642315981471 0.2508568028977489 0.24380146567298447
2 0.9020256839885576 0.8447299557526963 0.1959486320228848 0.24023981803034927
1 0.6634590414820984 0.6077180690683159 0.24001943244739826 0.2448545434232436
4 0.8968247921788489 0.6053399700207198 0.20635041564230222 0.257572867244561
3 0.1766854364525678 0.874083855252849 0.25544417334809955 0.24245728949430187
4 0.4263850478036198 0.8577524181159119 0.2331080983942421 0.2585531703877141
1 0.6728292512273925 0.8517591674967392 0.25750732109634633 0.2503425641014079