3 0.144844431253093 0.11237156741117678 0.23531113749381402 0.22474313482235356
2 0.39188652758961984 0.11830473614626111 0.2349769448207603 0.23660947229252222
0 0.642056945952414 0.12249346836358081 0.22494684757972222 0.24498693672716162
1 0.8740063087972845 0.11892535856261785 0.24854812188998174 0.2378507171252357
1 0.11908365304187543 0.3467572218782375 0.23816730608375086 0.2652398180303493
1 0.35797743781181374 0.35195618238393545 0.259731283355371 0.2568108879227255
2 0.6081478561746079 0.36680197063989234 0.25594454206179834 0.2737800641014079
0 0.853419412597043 0.3561576073242728 0.2463305246489437 0.2390411910658786
2 0.10766093453245333 0.599083855252849 0.21532186906490666 0.2549572894943021
2 0.3343098072154046 0.6102417173301236 0.2793001549066686 0.2733091832079957
2 0.8001583779984764 0.8519624129486253 0.2520073145630356 0.22839478949430186
1 0.5819284356641071 0.6142955548002922 0.25693383197589004 0.2629153387085138
4 0.8315223219147256 0.6252714803598021 0.25413638059640886 0.2690197894943019
3 0.09724465569963806 0.8508282917706136 0.1944893113992761 0.26084341645877274
4 0.30455262890298773 0.8508859880082881 0.24492515490666858 0.27170814185166703
1 0.5508544188170795 0.8503251000855625 0.27214939620024126 0.2558305847795722