0 0.1171875 0.1296875 0.1875 0.22109375
1 0.371875 0.1265625 0.17578125 0.21875
0 0.6234375 0.13125 0.18984375 0.21875
3 0.88046875 0.13046875 0.1734375 0.2140625
1 0.1296875 0.37265625 0.18046875 0.2359375
1 0.3765625 0.3765625 0.19453125 0.23046875
0 0.62109375 0.37734375 0.1828125 0.2234375
3 0.878125 0.3765625 0.18984375 0.22578125
2 0.121875 0.628125 0.1875 0.23046875
2 0.3796875 0.62890625 0.21875 0.2359375
4 0.61953125 0.6265625 0.1921875 0.22578125
0 0.8765625 0.6265625 0.16796875 0.22578125
3 0.125 0.8796875 0.19453125 0.21171875
1 0.37265625 0.88046875 0.1734375 0.2390625
0 0.61953125 0.87578125 0.2171875 0.2484375
0 0.8703125 0.88203125 0.1875 0.2359375