1 0.11013830560139959 0.14519484621281212 0.22027661120279918 0.24812946955298726
2 0.35039997385549093 0.1411623729473917 0.25933206888575777 0.24827491529826115
0 0.5765956209510614 0.13700717983439645 0.18302967801396441 0.23065107806243948
3 0.8474292618228547 0.12138776677563053 0.23014147635429047 0.23404878883482802
4 0.10124042344057238 0.39754768657189177 0.20248084688114476 0.2418794695529872
4 0.3333738041398961 0.38648396330647133 0.25753277054543167 0.24514082493918146
3 0.5906893966713633 0.37391228219552863 0.24406226639624684 0.252871511707465
1 0.838570789617749 0.3620673089301082 0.255710161417225 0.2623101442210222
1 0.10092463588580483 0.643750520880847 0.20184927177160966 0.26373628883482814
0 0.33041013442430134 0.6318873668972674 0.20971057718412753 0.23236811416679296
4 0.5862932815198719 0.627904890606785 0.24382546805592079 0.24974651170746504
0 0.8325529748811761 0.6168320769822849 0.25535496390673595 0.2576226442210222
2 0.09004985662940704 0.8892352168225127 0.18009971325881408 0.22152956635497462
3 0.3179647209324839 0.887527791958086 0.23123037967363844 0.224944416083828
0 0.578050115953462 0.8800973474798536 0.21979597220510563 0.2398053050402929
1 0.8289856539208259 0.8598871853935414 0.23215426224706198 0.2606112888348278