1 0.12416910953871049 0.13587372712118273 0.2428094849168628 0.27174745424236546
2 0.3706616972858944 0.1193164194650976 0.24952937848024542 0.2386328389301952
0 0.5960605350330784 0.10189817794497938 0.1718742720436282 0.20379635588995876
3 0.8634994073091375 0.08410522241007698 0.22074881461827509 0.16821044482015396
4 0.1433772034900807 0.38743661393504436 0.2143895539746133 0.244323311219586
4 0.38937811834078684 0.3547843842287878 0.2494201178365838 0.2565043178875458
3 0.6446447725478311 0.319804379976724 0.22107659654926018 0.25108349425012405
1 0.8825854019873066 0.2863709002704674 0.2348291960253867 0.27681681788754575
1 0.17933575486680395 0.6319998148434299 0.23743357006615667 0.285043906068835
0 0.4221570393956792 0.5988214266524425 0.21682613912390708 0.25695085697722037
4 0.6772433771428631 0.572498945279196 0.2392474423422158 0.2665489975841041
0 0.8982400300893998 0.5399742613305738 0.20351993982120042 0.2705668178875458
2 0.21138805624352722 0.876881880145902 0.1952025113999664 0.23654276212797143
3 0.44816143656535806 0.8583399478642697 0.21362472946898112 0.23338581121958626
0 0.7049905907724024 0.8232323978545715 0.2248571604112307 0.26071358576539294
1 0.9174267086858607 0.7802963723906803 0.16514658262827844 0.2801013145535659