1 0.1328125 0.125 0.196875 0.23046875
2 0.3796875 0.13203125 0.20703125 0.2140625
0 0.60546875 0.13828125 0.1421875 0.2140625
3 0.87578125 0.1296875 0.1921875 0.23046875
4 0.121875 0.3765625 0.18515625 0.21640625
4 0.36875 0.37734375 0.21875 0.2234375
3 0.625 0.3765625 0.19453125 0.22578125
1 0.87265625 0.3765625 0.2015625 0.23046875
1 0.12734375 0.6234375 0.1828125 0.240625
0 0.371875 0.6234375 0.178125 0.22109375
4 0.6265625 0.63125 0.196875 0.22578125
0 0.87265625 0.63125 0.2015625 0.22578125
2 0.1296875 0.884375 0.146875 0.22578125
3 0.365625 0.88359375 0.18515625 0.2046875
0 0.625 0.8859375 0.178125 0.22578125
1 0.87578125 0.878125 0.1859375 0.24375