2 0.14011471103977416 0.11875 0.2228955779204517 0.2375
2 0.4087419801144977 0.12578125 0.21376603977100467 0.2515625
2 0.6366215182639445 0.13984375 0.22125125730360082 0.2328125
1 0.8926806034912922 0.15078125 0.21173988960884885 0.225
1 0.12730719927194661 0.36015625 0.24490694561520338 0.2453125
3 0.3730600300350674 0.3796875 0.21045012499835228 0.240625
3 0.6285969638824433 0.37578125 0.24189103977100465 0.2515625
2 0.8750355872592378 0.40078125 0.2148921631477993 0.2265625
0 0.10086436323217247 0.603125 0.20172872646434495 0.240625
1 0.3592258064166868 0.63515625 0.1946342102257 0.2296875
0 0.6130638725693109 0.6390625 0.2022285219140972 0.2171875
0 0.8581990945661337 0.64921875 0.23862967207625302 0.24375
1 0.09674299188562044 0.8578125 0.19348598377124088 0.253125
4 0.33475409172675996 0.8734375 0.23717626623205446 0.25
2 0.5712137431067317 0.88828125 0.19921261606989854 0.2234375
4 0.8315199975709586 0.8796875 0.22295012499835246 0.240625