2 0.1234375 0.134375 0.18984375 0.22109375
2 0.39140625 0.1265625 0.1734375 0.23828125
2 0.6203125 0.1328125 0.19921875 0.21875
1 0.8765625 0.13046875 0.19453125 0.2140625
1 0.1265625 0.3796875 0.20703125 0.21171875
3 0.3734375 0.3859375 0.17578125 0.21640625
3 0.628125 0.36875 0.209375 0.22578125
2 0.8765625 0.38125 0.19453125 0.21171875
0 0.11640625 0.6234375 0.1734375 0.22109375
1 0.37734375 0.64140625 0.1734375 0.2140625
0 0.63125 0.63203125 0.18046875 0.2015625
0 0.8765625 0.6296875 0.19921875 0.21171875
1 0.1203125 0.88203125 0.18515625 0.2359375
4 0.3703125 0.88359375 0.20703125 0.2328125
2 0.60859375 0.890625 0.1734375 0.21875
4 0.8671875 0.878125 0.178125 0.24375