2 0.13530969665022802 0.11994882408819443 0.21371924403245304 0.23989764817638887
2 0.40322390264959174 0.12225359365548598 0.20605219470081657 0.24450718731097196
2 0.6312125426480009 0.12277112557187446 0.22309424403245312 0.24419033035645848
1 0.887389817313819 0.12305684061826316 0.20570674936345307 0.2266027868534724
1 0.1269864772835932 0.3633513723408332 0.22294879336408951 0.2316903303564585
3 0.37290750461491146 0.3724672267298955 0.2011647000318167 0.2389936840799307
3 0.6284671612826387 0.35870862557187444 0.23726583203372584 0.2538926386770835
2 0.8758779632797753 0.3740381123697562 0.2167351560311804 0.23466985999173628
0 0.1054001892505038 0.6075377834349999 0.1854669746976349 0.23238000816812523
1 0.3652473565802312 0.6280450795034371 0.1995840186982713 0.23739481648875013
0 0.6191536065802312 0.6221353459365967 0.21043061203054414 0.22983688962701407
0 0.8643933812460494 0.6226756341212493 0.21668061203054415 0.22998235999173638
1 0.10274045528327502 0.8615713200041318 0.20548091056655005 0.2581073599917364
4 0.3460502718810055 0.868270689210833 0.22785446936663475 0.25054943313000033
2 0.5841860712126419 0.8752246315557981 0.18851924936345305 0.2262027433504862
4 0.8428798185471418 0.860612045215416 0.19965674403245331 0.24364481648875014