2 0.13420912905213464 0.10905077340574836 0.20970674189573071 0.2181015468114967
3 0.39294709222043167 0.11351918815049795 0.23598081555913666 0.2270383763009959
0 0.6398830054028462 0.11523441711959878 0.2068547576807463 0.23046883423919756
2 0.8852942159403074 0.12385474332973764 0.22613537869919895 0.2477094866594753
4 0.12074805560049026 0.3472767124607575 0.23670885765251143 0.26631547602842476
2 0.3509969977220999 0.3523449135015542 0.20785581555913665 0.2523415072360892
3 0.6055101924745455 0.3553626136378397 0.24957287869919878 0.2732205732694628
3 0.861631389857827 0.35751717661899557 0.23974285239083953 0.2649167503386843
4 0.10771597653423819 0.5905287454774443 0.21543195306847637 0.2876925090451115
3 0.31758744531714295 0.5916497529406761 0.21318035239083954 0.2635246687014785
1 0.5803380742986904 0.6137073801461831 0.26061679451244935 0.24887567051050077
4 0.8322723006211671 0.6075138545927283 0.2427768471291678 0.2635180246489437
4 0.0706647556146077 0.8529811578473445 0.1413295112292154 0.24716268430531088
4 0.2935150955571393 0.8444848258714546 0.2563689102692299 0.28292312188998175
3 0.5382892692628974 0.8542438489385187 0.23369027346576168 0.24123358887329474
1 0.7985365245245694 0.8390471376094151 0.2260597839891055 0.24394915309764614