2 0.11914920172536987 0.11616713393892372 0.22107659654926026 0.23233426787784744
3 0.3779778985070612 0.11396729196461268 0.25029420298587757 0.22793458392922536
0 0.6259947814267821 0.1053739932474513 0.21104603268729 0.2107479864949026
2 0.8820808904612896 0.10236101483373164 0.23299744234221578 0.20472202966746328
4 0.11666887592079271 0.3560272462069782 0.23333775184158542 0.2763066348570076
2 0.34163693487752184 0.3465254740770669 0.20254511783658372 0.25267794515850966
3 0.5973952619810441 0.3326392198250031 0.23601318169855415 0.26473140606883494
3 0.8539348390845662 0.3186891926941221 0.2477155062041863 0.2765617263722767
4 0.10526738216341627 0.6002076809045063 0.21053476432683255 0.29020963819098744
3 0.3139825563972764 0.5864807943805086 0.21613772427320113 0.2693233112195859
1 0.5785313754550269 0.5912967427038204 0.2750756816985541 0.26792005000969843
4 0.8302577664205195 0.5684181257246602 0.25062198491686266 0.27369181788754576
4 0.0729142500384373 0.8626757299961207 0.1458285000768746 0.2530605824314133
4 0.29561034276773707 0.838107067259326 0.2575275487788332 0.28357700091808413
3 0.5427913453656271 0.8357960417954349 0.2254363146182751 0.24677863152302776
1 0.8031114863311197 0.8122159231492846 0.19920159654926017 0.2492978536432407