3 0.17706303401495388 0.10838164739739894 0.23225106802990775 0.2167632947947979
4 0.41776985001590833 0.10749543963194808 0.1699147000318167 0.21499087926389615
3 0.6696596140197263 0.12352720420742642 0.24529650803627093 0.24705440841485285
2 0.9065409013367273 0.12555738196531924 0.18691819732654552 0.2511147639306385
3 0.14221750871258879 0.33022728434204135 0.24217150803627105 0.2811113050357929
0 0.38794817938413406 0.35187695825956106 0.20737833736472577 0.24317168927901225
3 0.6404737427195885 0.3528046084995574 0.24524196403563464 0.27660581555913666
0 0.8734567760184536 0.36640656398710825 0.2530864479630928 0.3055498629141832
0 0.1177555000795418 0.5794761264212986 0.22482037603436206 0.26604774715740265
0 0.36424923941754156 0.5995177977079825 0.267044238701453 0.27162988922254244
3 0.6175924154200869 0.603524945317143 0.248294238701453 0.27053782608248034
1 0.8711174047580867 0.6231570929263034 0.23410446936663476 0.2587812787274338
2 0.11201621944617664 0.825289155360494 0.20788741470399827 0.28692168927901207
4 0.34212189011772187 0.8478488818947321 0.2373385573679075 0.26833828925077724
3 0.5844639314528581 0.8470243163355955 0.25121924403245294 0.25353233660582397
1 0.8447383601209035 0.8420281902672325 0.23379538669636232 0.23221877872743377