3 0.11661428991409173 0.15172066567207607 0.23322857982818346 0.25823524715740254
4 0.35656650327936035 0.14928372333870493 0.18325067051050076 0.25679457352223156
3 0.609033084012055 0.16163732309870854 0.24130883197589004 0.26484926820408994
2 0.8570168826325739 0.1698116570736966 0.20159123473485216 0.2500741366622937
3 0.10870553539153596 0.39758690251789647 0.21741107078307192 0.2661387524190745
0 0.34667476763999716 0.4127924864928845 0.20381547602842484 0.23306864718563744
3 0.5992199135015542 0.4086943336220522 0.2543001549066686 0.27495231029746475
0 0.8472446556996381 0.4160874175970403 0.27206086499257687 0.28689086817585513
0 0.10079844188211387 0.6471696735645839 0.20159688376422774 0.24951269454068417
0 0.3415081535519315 0.6609037628012437 0.260966234734852 0.25353233660582397
3 0.5963151622583588 0.6585046178229194 0.23078741180407364 0.2424282366340588
1 0.8518248558359236 0.6726027281062665 0.23909123473485216 0.2522582629424182
2 0.10201736488103516 0.8799073078783903 0.20403472976207032 0.24018538424321925
4 0.3380268701965604 0.8925199709196304 0.2214942989592033 0.2149600581607391
3 0.5830084995497741 0.8905696050216754 0.2552075576656305 0.21886078995664918
1 0.8453414032132471 0.8919829456796341 0.22568383197588987 0.21603410864073175