0 0.13798939647650316 0.13204520250377902 0.24472879295300629 0.26227029977412103
1 0.3802678246897485 0.14927601806291563 0.2259787929530063 0.26117823663405887
1 0.6333700926364372 0.16323762045375517 0.19914350831327035 0.25025614718563743
3 0.8788644490629279 0.18377544653623548 0.23370036473976086 0.25850826294241813
4 0.13671536764275483 0.3831071735645838 0.2277686134861197 0.2690817418957307
0 0.3905761535361321 0.3963330285862593 0.24950722116625162 0.26566831555913667
1 0.6415847240692456 0.41875187308459105 0.240086757059629 0.2635597839891055
4 0.8924796343358021 0.4372644675829228 0.20552990063313814 0.25530766823232476
2 0.13909753622258172 0.6258029077795684 0.23218332884638362 0.25997975768074627
2 0.3900833747023838 0.6474405022779001 0.2324561134861197 0.2693547576807463
1 0.6333703734487426 0.6725293204678726 0.18034804420664763 0.24760158404557514
1 0.8895521772888084 0.6851104333820558 0.18990490063313814 0.2543976156156063
4 0.15369855997525814 0.8823875657708982 0.18489915188677947 0.23522486845820367
2 0.39126675613519213 0.8890120511954198 0.2318650801000249 0.22197589760916045
3 0.6397269881885035 0.8971381234375269 0.19749008010002492 0.20572375312494628
4 0.8817326317620127 0.897531507539572 0.2259787929530063 0.204936984920856