0 0.15812627535333354 0.11738739146193822 0.27437244929333293 0.23241064937949701
1 0.3982338655041206 0.13925534593514247 0.2722822689917588 0.261961757059629
1 0.6487027572100466 0.15907506710139413 0.25958677935935126 0.2771775801000248
3 0.8713104890667596 0.1929656484550602 0.25245778454314766 0.28476275956691144
4 0.11531370450037057 0.346969591382796 0.23062740900074113 0.26743886724704335
0 0.35877365843509323 0.37542852665567034 0.2796258772858328 0.2746436134861197
1 0.6053950887366675 0.41236755166198796 0.2682782741755549 0.26963786473976087
4 0.85228992111176 0.4461815766683056 0.22968466588148112 0.2560467261808167
2 0.0990650507066671 0.5886115221033238 0.1981301014133342 0.2772230442066476
2 0.3079952425536123 0.6245874406831506 0.27107108350638837 0.28374582884638355
1 0.5458178713000474 0.6636201631030436 0.21419636691824023 0.2571545851145897
1 0.7995095078221771 0.691366044535852 0.2540202845431477 0.28480822367353403
4 0.06614666102699143 0.8465915066639177 0.13229332205398286 0.25255801332783534
2 0.2567383730434739 0.8749892913036537 0.25950886691824027 0.2500214173926928
3 0.5024514142310202 0.8897230442066476 0.22988015551388835 0.22055391158670473
4 0.7432425095656037 0.9001641022033485 0.24271234618305507 0.1996717955933029