0 0.128125 0.12890625 0.22109375 0.2359375
1 0.3703125 0.1296875 0.20703125 0.23828125
1 0.6234375 0.12421875 0.18515625 0.2328125
3 0.86875 0.1265625 0.22109375 0.240625
4 0.1234375 0.38203125 0.18984375 0.2328125
0 0.37734375 0.3765625 0.2140625 0.22578125
1 0.628125 0.3796875 0.209375 0.228125
4 0.87890625 0.3796875 0.1828125 0.23046875
2 0.1234375 0.625 0.21875 0.240625
2 0.37421875 0.628125 0.2046875 0.240625
1 0.6171875 0.634375 0.15390625 0.22578125
1 0.8734375 0.628125 0.178125 0.240625
4 0.1359375 0.8859375 0.165625 0.22578125
2 0.3734375 0.8890625 0.196875 0.22109375
3 0.621875 0.884375 0.17578125 0.23046875
4 0.8640625 0.87734375 0.19453125 0.2453125