4 0.1265625 0.1328125 0.21171875 0.25234375
1 0.36875 0.1265625 0.209375 0.21171875
2 0.62109375 0.1234375 0.2015625 0.22109375
4 0.87265625 0.1296875 0.2234375 0.24296875
1 0.13125 0.384375 0.19921875 0.228125
1 0.3859375 0.371875 0.20703125 0.22109375
2 0.6265625 0.375 0.20703125 0.22578125
0 0.8765625 0.38125 0.21640625 0.21640625
3 0.12421875 0.6328125 0.2234375 0.240625
3 0.3671875 0.63046875 0.228125 0.2359375
3 0.62265625 0.62890625 0.2046875 0.2453125
3 0.884375 0.63671875 0.23046875 0.2234375
0 0.1296875 0.8796875 0.22109375 0.240625
2 0.3703125 0.88359375 0.20703125 0.2328125
0 0.62578125 0.88046875 0.1796875 0.2390625
2 0.8859375 0.88203125 0.228125 0.2359375