0 0.128125 0.1296875 0.19921875 0.228125
0 0.3765625 0.12734375 0.19453125 0.2234375
1 0.628125 0.13125 0.20703125 0.23828125
2 0.87109375 0.1265625 0.2046875 0.22578125
4 0.1203125 0.3859375 0.20703125 0.209375
0 0.3765625 0.3875 0.20703125 0.21875
1 0.62109375 0.3765625 0.1703125 0.23046875
4 0.875 0.39140625 0.16796875 0.1921875
3 0.125 0.6171875 0.21171875 0.22109375
4 0.378125 0.62578125 0.22109375 0.2328125
4 0.6265625 0.625 0.20703125 0.23046875
0 0.86953125 0.625 0.1921875 0.23828125
2 0.11796875 0.88203125 0.2015625 0.2359375
4 0.38203125 0.88203125 0.1828125 0.2359375
2 0.61640625 0.875 0.1734375 0.23828125
4 0.87578125 0.87421875 0.2046875 0.2359375