0 0.12737050019639173 0.12670535752319434 0.21702491529826112 0.2456437275829168
0 0.37582163573501115 0.11857916052548581 0.19818401170746497 0.2295823164887502
1 0.6273614098373121 0.12130672986402755 0.2201862767345796 0.2426134597280551
2 0.8703574309145509 0.11218369016076357 0.2122828731437835 0.22436738032152714
4 0.11806718130733443 0.38313719547909714 0.21059310811666881 0.21424825721819457
0 0.3743080909482548 0.37873541052548576 0.21380901170746505 0.22994599240055572
1 0.6189029734618121 0.36210638250572863 0.1967487767345796 0.25142094889756955
4 0.8727228650505557 0.3710403989388882 0.1792976563212708 0.20570840539458352
3 0.121409308163551 0.6142780927055554 0.2232203731437834 0.236414197947639
4 0.3744843111886131 0.6169802929343053 0.24207945745273882 0.25560060904180587
4 0.622926356368153 0.6104165959365966 0.2232930960164204 0.24891419794763897
0 0.8658951063681528 0.6047614355080201 0.2218214996072163 0.2645028303564585
2 0.11206962783817523 0.8769599306614582 0.2138999152982611 0.24557099240055572
4 0.3761321278381752 0.8708138077519442 0.19514991529826115 0.24513458130638915
2 0.6105434892744936 0.8591086690748606 0.20147263817089822 0.25778005167111145
4 0.8706951940949539 0.8538347151432978 0.2154805960164204 0.24873235999173637