4 0.12566614258219666 0.155124178596461 0.2503496393028363 0.291498357192922
1 0.36234727103089914 0.15610679643304473 0.2385180246489437 0.2439677933309516
2 0.6140768673674261 0.16203364038441492 0.2213305246489437 0.2427659262506725
4 0.8657212545225559 0.18118710401395427 0.24394250904511167 0.25835807526193677
1 0.14818403098052185 0.4065609924584314 0.22025934757972226 0.2520316656070108
1 0.40094386080870537 0.4024408470534634 0.23267746042459264 0.2513432507563046
2 0.6412822557657512 0.41379823617737055 0.2475588319758902 0.2679515965492604
0 0.8802153231001206 0.4289361891632481 0.23956935379975874 0.2658099423422158
3 0.1627665886461524 0.6551077531020931 0.2541363805964091 0.27463863912390724
3 0.40516212856024414 0.6611602831914929 0.2749402035271876 0.2854340274915096
3 0.6600576684743359 0.6680868984301866 0.24525270352718742 0.28335807526193674
3 0.8968594691310198 0.6844431439907112 0.2062810617379604 0.24909233590559837
0 0.1884537426483098 0.8837412154711247 0.2435330732694628 0.23251756905775062
2 0.4289559119156152 0.8898651653549091 0.240653734734852 0.2202696692901817
0 0.6840561697175314 0.8930662110316494 0.2115394448207603 0.21386757793670128
2 0.9060850621881862 0.8965732593062794 0.18782987562362763 0.2068534813874411