0 0.10841137203425048 0.14745426861736102 0.21682274406850097 0.24880509517409738
0 0.35155588832728235 0.12684173599012144 0.23518671939110264 0.2536834719802429
1 0.6033093893158655 0.12403233957142341 0.2558812213682689 0.24806467914284683
2 0.8461335592778095 0.1054615646857983 0.23273288144438098 0.2109231293715966
4 0.11058071984821319 0.4027593644570485 0.22116143969642638 0.24448127108590292
0 0.35504966695901335 0.38511269709461776 0.25081171939110264 0.2556006090418057
1 0.5997546719019292 0.35600185287045083 0.21669138737588015 0.2610505220358335
4 0.8535972549057348 0.3516546193036104 0.19115287650146512 0.20894250816812515
3 0.1173407378712656 0.633645688545243 0.2346814757425312 0.258871079406528
4 0.3594029500393686 0.6230666387739927 0.25406405338349136 0.25879834422416687
4 0.6076322030051182 0.6032398755718745 0.25288355536065765 0.2681369766329862
0 0.8511102889746732 0.5850847151432979 0.2212515533834914 0.2580346248093752
2 0.1076480849437909 0.884299651976111 0.2152961698875818 0.230091462765278
4 0.36578164813875197 0.8687785290665968 0.22555705140632512 0.24876872758291668
2 0.6005386501159183 0.8539483903895133 0.19924921939110263 0.25440047853284753
4 0.8582065700778623 0.8323409216403117 0.22412188539871386 0.25185735999173636