4 0.11222721536026392 0.15413522828837828 0.22445443072052784 0.2917295434232435
1 0.3389906406705154 0.12288522828837826 0.24289350831327017 0.24577045657675653
2 0.5910987099499876 0.10676146050569797 0.2334275801000249 0.21352292101139594
4 0.8425702817367423 0.10439197766920572 0.26485943652651545 0.20878395533841143
1 0.11580737335064736 0.4043706687350843 0.23161474670129473 0.2654581418516669
1 0.36627324003737716 0.36289368238393543 0.2351719365265156 0.25281259263745515
2 0.6065261669969813 0.33766028019318634 0.2320469365265156 0.2526670434232434
0 0.8568444157433401 0.31507884305624917 0.24280258010002492 0.24692646567298446
3 0.1252427262473236 0.6523351337888963 0.2504854524946472 0.28878863399378396
3 0.35796768039132343 0.6215238196874884 0.2719277904457239 0.28261140860089
3 0.6132007496707956 0.5909115587292336 0.24219482633910125 0.2796661910658786
3 0.8627377484171543 0.5683665088958494 0.24642768527287445 0.2642595148871962
0 0.13049458359825114 0.8778787892894144 0.25980822367353407 0.24147698635114878
2 0.3704974579714305 0.8612391370986652 0.2460639724198929 0.25175951488719617
0 0.626329920824412 0.8368404888368574 0.22317204169936514 0.26941789578060804
2 0.8651112759972616 0.8085548612532142 0.22785954169936531 0.26963621960192585