3 0.1411997813856016 0.12253351907472347 0.2542745627712032 0.24506703814944694
3 0.40519393086722194 0.11952947565027076 0.27288786173444385 0.23905895130054153
0 0.6471859412348145 0.12998396022899525 0.2870282741755551 0.2599679204579905
4 0.8788085051837964 0.13402480357401775 0.24238298963240723 0.2680496071480355
4 0.15889229519356413 0.3673220933450224 0.2606024752123143 0.2682080779204517
2 0.40339415089574004 0.3716611712687694 0.2527899752123142 0.2680717102257001
4 0.6652496019324993 0.3686553534945875 0.2599777586241661 0.24323535145940198
1 0.9089046912348145 0.37184498864250487 0.18219061753037097 0.22860010714144482
2 0.18225861055666548 0.6165135698060722 0.2406809544771292 0.23665806899199798
0 0.4233326698874988 0.6263895815771949 0.24489956277120317 0.24921261606989856
0 0.6690457110750451 0.6087991124230412 0.25509476899175887 0.25875125730360066
1 0.9047431002123144 0.6269143181878096 0.19051379957537123 0.23202511606989873
2 0.19301761918083168 0.8557533478092493 0.2591766762490736 0.2697433043815014
2 0.43259752903004467 0.8664378831193226 0.2596455679549994 0.2572705779204519
2 0.6883396811035631 0.8651036595009419 0.2232979648447216 0.25195578652459394
0 0.9134916123000918 0.880148412343611 0.17301677539981633 0.21324784253094825