3 0.1171875 0.1296875 0.21875 0.24296875
3 0.38125 0.12109375 0.21875 0.2234375
0 0.62265625 0.1328125 0.2328125 0.23046875
4 0.871875 0.13515625 0.22109375 0.2328125
4 0.121875 0.3828125 0.21875 0.24765625
2 0.36640625 0.3828125 0.2015625 0.240625
4 0.628125 0.375 0.22109375 0.22109375
1 0.8953125 0.3734375 0.18984375 0.20703125
2 0.1328125 0.63203125 0.21171875 0.2234375
0 0.37265625 0.6375 0.2015625 0.22578125
0 0.61875 0.615625 0.20703125 0.23046875
1 0.8796875 0.62890625 0.196875 0.2015625
2 0.125 0.87734375 0.21171875 0.2453125
2 0.3703125 0.88203125 0.20703125 0.2359375
2 0.62578125 0.878125 0.1828125 0.24375
0 0.884375 0.89296875 0.20703125 0.2140625