3 0.13313719547909714 0.11966130456410337 0.24310060904180575 0.23932260912820674
3 0.3979445778879166 0.11151507261073541 0.26036084422416683 0.22303014522147083
0 0.6381513505893401 0.11123471254547876 0.25254834422416683 0.22246942509095752
4 0.8831001746775347 0.10975870538465156 0.23227221181534752 0.21951741076930312
4 0.12312641584381936 0.35351331846155054 0.24625283168763873 0.2889011697155947
2 0.36390984432107604 0.34754304791611873 0.2231154173624308 0.27114498465266035
4 0.6254831239563539 0.33396118691381227 0.23823127108590292 0.25045397635429056
1 0.8900541170224997 0.3256112775711797 0.206653962765278 0.23402349295103003
2 0.11536585438906229 0.6029096672167951 0.23073170877812457 0.25814807718412763
0 0.35095067695864535 0.6027633441818524 0.23070971181534733 0.2623619805034755
0 0.5980256987101384 0.5754625252960945 0.24669838772715308 0.2791709722051056
1 0.857563699660069 0.5823115634639511 0.23194490349472224 0.24841787967363854
2 0.10569795402847193 0.8437006105780993 0.21139590805694386 0.2844737788438014
2 0.32968870032565895 0.8461348358834826 0.23554268218006963 0.26896717801396475
2 0.5842852813477076 0.8307420211469096 0.21199607940652782 0.26250369046151933
0 0.8416795540491313 0.8291749080700107 0.24240962480937506 0.22893417386477957