3 0.11864386513275878 0.14422887115962685 0.23486838441013064 0.25529225768074626
3 0.3623792776803289 0.12082182775083412 0.22268671939110263 0.24164365550166825
3 0.6090632766917456 0.11213816602501192 0.22750155338349137 0.22427633205002384
0 0.8625875247145792 0.09561925298377177 0.2439250494291585 0.19123850596754355
3 0.13473041604479224 0.38527110011293947 0.2408928913302129 0.2883777734657619
1 0.3843165805695287 0.36055400824544365 0.25106638737588016 0.27026481029746474
0 0.6386220785923624 0.3363451505929322 0.20699805239490826 0.259904162970653
2 0.8777654916342239 0.3051883429263034 0.24175505437207434 0.2712812787274336
3 0.15454680342067245 0.6409750685429084 0.20706171939110263 0.261466662970653
3 0.40494605144350615 0.6169937240445766 0.22986254942915868 0.24720674189573072
0 0.655217965473951 0.5898873795462448 0.23993788638729718 0.26494027346576166
4 0.8979500103987139 0.563607787678749 0.20409997920257225 0.2542911998023559
1 0.1796581858536368 0.8728775159261899 0.23780238342154753 0.25078676820408996
2 0.4210007688574424 0.8572547029978892 0.22074221741393618 0.25291071032569973
2 0.6808068503783733 0.8335085769295263 0.23694022037968576 0.2678832629424182
2 0.9097403683642448 0.8033682376928664 0.18051926327151052 0.268444705064028