1 0.13323370031656914 0.12128300414918487 0.23521740063313828 0.24256600829836975
4 0.3866996811162392 0.11980699698835766 0.23080268527287434 0.23961399397671532
0 0.6386569862099465 0.09507691627974517 0.2126604390337981 0.19015383255949034
3 0.8867678772761731 0.09473735662940704 0.21592183135366624 0.18947471325881407
2 0.13892272532288677 0.36138501804663203 0.21766618778015684 0.24723388797200824
0 0.37821254585600017 0.35108244501168934 0.22208090314042073 0.2382140854824973
4 0.642797883082161 0.3490417352541383 0.2377059031404208 0.23939807718412753
3 0.8909624580362723 0.3266176705175654 0.21807508392745553 0.2747435813333124
2 0.14242712470238378 0.6163685159720396 0.25489340314042075 0.24070046805592077
4 0.41179089014179004 0.6170976087039994 0.22704118778015675 0.24794428299298624
3 0.6394839811288746 0.584967579860198 0.22470579796757129 0.22126338382282337
0 0.8753225692462188 0.5603065088998477 0.24935486150756248 0.2600424639067359
0 0.1452639343484375 0.8753174634825285 0.21270590314042073 0.2375036904615193
2 0.39731216765539007 0.8460397475012004 0.2526322211662517 0.2701511697155947
3 0.6396133279219468 0.8315941261259315 0.26646740063313834 0.263404262247062
0 0.8852437958560001 0.8136091076550922 0.22951240828799974 0.2593553796736387