3 0.1296875 0.13125 0.196875 0.21640625
3 0.3765625 0.12421875 0.19453125 0.2359375
3 0.625 0.1265625 0.19453125 0.25
0 0.878125 0.1328125 0.209375 0.21875
3 0.125 0.37265625 0.18984375 0.2453125
1 0.375 0.375 0.22109375 0.23828125
0 0.6296875 0.37890625 0.178125 0.2359375
2 0.8703125 0.375 0.209375 0.23828125
3 0.12109375 0.62890625 0.1734375 0.2328125
3 0.371875 0.6328125 0.19921875 0.21640625
0 0.62265625 0.6328125 0.2015625 0.22578125
4 0.8734375 0.634375 0.18984375 0.228125
1 0.12421875 0.878125 0.1953125 0.24375
2 0.365625 0.875 0.1875 0.22578125
2 0.62578125 0.878125 0.1921875 0.22578125
2 0.875 0.87578125 0.178125 0.2328125