1 0.15859375 0.11110498456059381 0.2328125 0.22220996912118762
4 0.40859375 0.12467808808409067 0.2359375 0.24935617616818134
0 0.6609375 0.11541308518109679 0.21875 0.23082617036219358
3 0.89453125 0.13725304895851503 0.2109375 0.254575154394062
2 0.13828125 0.3412889265638927 0.221875 0.24864340314042072
0 0.37578125 0.3593783823572452 0.2359375 0.2506150801000248
4 0.63828125 0.38767791244463473 0.2421875 0.2398594365265156
3 0.88671875 0.39373036949162843 0.2265625 0.2769047954602888
2 0.121875 0.5948912996834309 0.24375 0.23834240063313814
4 0.3828125 0.6279237938774431 0.221875 0.2392684031404208
3 0.61171875 0.6220445522572204 0.228125 0.21913775956691134
0 0.8546875 0.6259123836773934 0.2671875 0.25933686223247854
0 0.1046875 0.8500789048562805 0.209375 0.24671719028743908
2 0.34609375 0.8508672003830762 0.278125 0.2846551109788372
3 0.5875 0.863374245909872 0.259375 0.2466095416993653
0 0.83359375 0.8663698991167996 0.2296875 0.22543322367353405