3 0.11051188068904441 0.16800350541027634 0.22011469470081663 0.2578820108205527
3 0.3461221166852264 0.14674358551030117 0.22961696403563475 0.26909229546028873
3 0.5929062100174992 0.1461144143566848 0.2420624200349984 0.2647685083132702
0 0.8450863280155902 0.13939436757624782 0.2526726560311804 0.23696175705962902
3 0.12111521538827019 0.40807457594338975 0.23604877737108917 0.2848991518867795
1 0.3693436300524976 0.39733461889639604 0.24516923870145302 0.2632969365265156
0 0.6230317040499523 0.38597253622258176 0.228145370703362 0.2768593313536661
2 0.861803302713225 0.36792854453585194 0.24843968936981647 0.27588786473976096
3 0.14129354475649586 0.6656059311162392 0.19818515070018025 0.252558013327835
3 0.39108445942072323 0.6549114381758683 0.22621924403245303 0.24556386724704354
0 0.640829920751087 0.6403106952354972 0.24364310136854392 0.2663764724198929
4 0.8847493593650441 0.6264457381885035 0.23050128126991182 0.2740525801000249
1 0.16735824745381261 0.8881819615993403 0.22293061203054404 0.22363607680131956
2 0.4078650687857673 0.8814355195960413 0.23566696936663475 0.23712896080791737
2 0.6686662087841764 0.8778667276323135 0.22792719470081657 0.2442665447353729
2 0.9033550033815887 0.866789593361353 0.1932899932368226 0.26523986975432584