4 0.14346167211208344 0.13335411818710818 0.25254834422416683 0.2639022297062566
0 0.3888650910900348 0.15728505213573024 0.198841462765278 0.23456567394668243
0 0.634323061454757 0.18355973608435228 0.2573449469977085 0.2689723669791602
4 0.8889741938635766 0.20278719457878153 0.20211193312999995 0.24107076546195144
1 0.14155890567892393 0.3866226393989355 0.18681424145062522 0.2538578078856061
4 0.3885430084524656 0.4114623691051921 0.2070176386770836 0.2508284027348552
4 0.6470458394745142 0.4286649419937077 0.25923475531833357 0.2831624127367947
3 0.8863265450215977 0.4575544429117916 0.20730857940652783 0.26332840273485497
2 0.12917258092513942 0.6249996131861384 0.22467791736243076 0.272543906068835
1 0.3858044406325353 0.6623233674382021 0.176966462765278 0.23278003333979883
3 0.6356226026766325 0.6749181886597279 0.21817334422416684 0.2610962230382968
1 0.894252720267813 0.6975895115482433 0.19629834422416687 0.2593105824314133
1 0.13986073346993128 0.8765784109852159 0.20567334422416686 0.24684317802956812
3 0.39176872558614656 0.9006930626570551 0.15828919794763907 0.19861387468588987
3 0.6366993658787508 0.8919634568274393 0.25440178495361127 0.21607308634512137
4 0.874472122812605 0.914842460620461 0.18198127108590292 0.17031507875907792