4 0.134375 0.12421875 0.228125 0.2328125
0 0.3796875 0.128125 0.18984375 0.21640625
0 0.625 0.1296875 0.23046875 0.228125
4 0.8796875 0.1234375 0.18984375 0.21875
1 0.13046875 0.38203125 0.1734375 0.2328125
4 0.37734375 0.3828125 0.1921875 0.22578125
4 0.6359375 0.37421875 0.22578125 0.2359375
3 0.875 0.3796875 0.17578125 0.228125
2 0.1171875 0.62265625 0.19453125 0.2359375
1 0.3734375 0.634375 0.15390625 0.20703125
3 0.6234375 0.621875 0.196875 0.23046875
1 0.88203125 0.61875 0.1828125 0.23828125
1 0.1265625 0.88046875 0.18515625 0.2328125
3 0.378125 0.890625 0.14921875 0.21875
3 0.62421875 0.878125 0.2171875 0.24375
4 0.86171875 0.88359375 0.1609375 0.2328125