4 0.14620641304124016 0.13238044728589443 0.2674128260824803 0.2630127242732011
0 0.3932634235645839 0.15276862898444857 0.2311113050357929 0.25424972946898117
0 0.6389399446112712 0.17617255003934093 0.25941831555913664 0.2593414210548924
4 0.8909890210466873 0.19241953495620376 0.21802195790662537 0.2505784262506725
1 0.1546992654320797 0.3850684047112475 0.2032593208208085 0.2569705378830699
4 0.4018472812170952 0.40701908640980167 0.23312883134415224 0.26217149011264274
4 0.6602135180629156 0.42119547293581877 0.2684138839608707 0.280200224273201
3 0.8983604472421071 0.4472873514160643 0.20327910551578582 0.2540640591703934
2 0.15069982309870852 0.6236556573091375 0.22871434712916772 0.26653120818165765
1 0.407905378346263 0.657980652869662 0.17496772084904322 0.22542560694082034
3 0.6574503520379038 0.6676498558555396 0.23156633134415222 0.2620622294689813
1 0.9048179681829138 0.6872949923815568 0.19036406363417235 0.2638761017450403
1 0.1703576886437277 0.8756282487010549 0.2174128260824803 0.24874350259789005
3 0.4219579859987744 0.8972432996996259 0.17404225768074627 0.20551340060074813
3 0.6683324570595792 0.895825224273201 0.2360718208208084 0.20834955145359793
4 0.9054607307371025 0.9120889986626178 0.18056527346576204 0.1758220026747644