2 0.10248883833951114 0.14663134727034205 0.20497767667902228 0.26504668927901226
3 0.35398311715304265 0.15291695755368934 0.24455856496827533 0.26061679451244923
1 0.608943435664697 0.15993831520620078 0.2383631286706061 0.26181527346576183
1 0.8621775630693588 0.17155616759704032 0.18263891832631957 0.22894258930724712
1 0.1112276601204674 0.4053994025178964 0.2224553202409348 0.2615422576807463
2 0.3579711795894292 0.39739499964706415 0.23907245680090722 0.28212777346576184
3 0.6078074884824366 0.41664334151456 0.25571431977759856 0.26750383134415207
0 0.8535019343987524 0.4199936675970403 0.21983138347992934 0.26697321032569954
3 0.10365566870483796 0.6409196735645839 0.19557542794496668 0.24217063140062187
3 0.35697164166299594 0.6501937759554235 0.2259722560752678 0.26421223137238703
2 0.6029289824071689 0.6684333546687397 0.2377083642426358 0.24306527346576184
3 0.8510763057281465 0.6687951886437278 0.22898812867060592 0.2612692418957307
0 0.11359363077840474 0.8875300920792574 0.18765380054030492 0.2249398158414852
0 0.3566987900342319 0.8901307182887945 0.22698911905195923 0.21973856342241085
3 0.602928949290059 0.8938500115917065 0.22251987386128266 0.21229997681658688
1 0.8626040496528787 0.89710657331047 0.2225198738612825 0.20578685337906003