2 0.115625 0.12734375 0.17578125 0.2328125
3 0.371875 0.12734375 0.21171875 0.2234375
1 0.6265625 0.1265625 0.19921875 0.22578125
1 0.8796875 0.134375 0.15859375 0.20703125
1 0.1234375 0.38515625 0.196875 0.2234375
2 0.37578125 0.37109375 0.2015625 0.2453125
3 0.625 0.384375 0.21875 0.22578125
0 0.87109375 0.38203125 0.1828125 0.2328125
3 0.12109375 0.6203125 0.1703125 0.21640625
3 0.37421875 0.6234375 0.2046875 0.240625
2 0.6203125 0.6359375 0.20703125 0.20703125
3 0.86796875 0.63125 0.1921875 0.22578125
0 0.13203125 0.88203125 0.1703125 0.2359375
0 0.37421875 0.884375 0.2015625 0.23046875
3 0.62109375 0.8859375 0.1921875 0.228125
1 0.884375 0.8859375 0.19921875 0.228125