0 0.11503316780407094 0.16640385487264706 0.23006633560814188 0.2469307665005543
4 0.3463205742356023 0.16872302822074656 0.26433228949430204 0.25684598704319
0 0.6041159576102139 0.1687880891380599 0.22810369106587877 0.24829300740125565
4 0.8564062036812725 0.1692839466316006 0.24343759263745496 0.24304430289774884
3 0.1053873591817904 0.4001280127999264 0.2107747183635808 0.2565060255998528
0 0.3351496720448532 0.4085667782207466 0.2582278387085138 0.2595704688445927
1 0.6017014712590649 0.4225138664359558 0.2234161910658786 0.2479926187523077
4 0.857844463401182 0.4075849830287952 0.2532492402800905 0.2530200801956447
2 0.10890400330976888 0.656848382170543 0.21780800661953775 0.26421839605020364
1 0.3462347595150219 0.6584561566906617 0.24358314185166688 0.2461693028977489
2 0.5951816817647628 0.6634392550849038 0.23330061331561963 0.25953089605020346
2 0.8493426428896335 0.6742415569029184 0.22868588792272532 0.26079300740125577
4 0.10676996091998273 0.8923574807216685 0.21353992183996545 0.215285038556663
1 0.3489080335029552 0.8873671969453676 0.26284256410140794 0.22526560610926474
4 0.6143339803598021 0.8840843615033229 0.26698640860089 0.23183127699335415
0 0.854723539913096 0.8880830999354016 0.20426808477957223 0.2238338001291968