0 0.140625 0.1390625 0.19453125 0.209375
4 0.371875 0.1390625 0.22578125 0.21171875
0 0.6296875 0.1359375 0.1875 0.20703125
4 0.88203125 0.13125 0.2140625 0.21640625
3 0.1171875 0.3734375 0.18984375 0.209375
0 0.359375 0.378125 0.22109375 0.21875
1 0.62578125 0.3890625 0.1828125 0.209375
4 0.88125 0.37109375 0.21171875 0.2046875
2 0.12421875 0.62890625 0.2015625 0.2328125
1 0.36875 0.62734375 0.20703125 0.2046875
2 0.61796875 0.6296875 0.2046875 0.23046875
2 0.87109375 0.6375 0.1828125 0.21875
4 0.11953125 0.88828125 0.1921875 0.2234375
1 0.3703125 0.884375 0.21640625 0.23046875
4 0.6359375 0.8796875 0.22109375 0.240625
0 0.8765625 0.87578125 0.178125 0.2484375