0 0.13681107053614294 0.12425800540284619 0.2163390854824973 0.2272736734939967
4 0.3677650726107354 0.11622918565040061 0.25118768216314946 0.23245837130080121
0 0.6254591734405723 0.1098969792003677 0.22486198050347533 0.2197939584007354
4 0.8754591734405726 0.10486545036705328 0.24576647635429083 0.20973090073410655
3 0.10083814304663204 0.3594443474821036 0.20167628609326407 0.23214318401734033
0 0.3332437495757927 0.35471353192296695 0.2553782746946166 0.24977029977412107
1 0.5976847578741624 0.3548676374387526 0.2235362788438014 0.24013769454068418
4 0.8549411508205482 0.32666152452456937 0.23989498465266018 0.23020125241907435
2 0.09713095735899767 0.6155578395895958 0.19426191471799534 0.2612692418957307
1 0.3190465819347904 0.6036592661379514 0.2451744805034755 0.23828676820408995
2 0.5677325356690568 0.5961751769012915 0.25379246390673593 0.26990078925077726
2 0.8199695418928341 0.593151074510452 0.22917097220510563 0.25291071032569973
4 0.08057440185784442 0.8707913711596269 0.16114880371568885 0.24675171558737147
1 0.2967409163683805 0.856966276661295 0.2559702705454317 0.2575827997741211
4 0.5619398638788696 0.8368533848079167 0.2723056655664099 0.26786785239083954
0 0.8022688659534621 0.826744824510452 0.20608866971559472 0.25623313140062187