2 0.12676613449587937 0.12465254825263879 0.19876685655064769 0.2400834053945835
3 0.38301613449587935 0.1188383061364235 0.2422434544771292 0.237676612272847
1 0.6376352839774998 0.11500217847725673 0.2264817534403699 0.23000435695451346
1 0.8914437891612961 0.11390004616534648 0.1808179389257404 0.21315722948277788
1 0.15713430556115665 0.382283210296736 0.21655994929333292 0.22958231648875013
2 0.4082477462303234 0.3623473443210761 0.25136417624907353 0.2709346683123613
3 0.658628455042777 0.36982796352777725 0.24183335136685144 0.23328919794763908
0 0.8964682607918284 0.3617563179168396 0.20706347841634312 0.25156641926229184
3 0.1753640615934247 0.6174940116835068 0.20929425344036995 0.23565047853284735
3 0.42876246366694326 0.6147274619122566 0.24402056795499938 0.258289197947639
2 0.6759498219610173 0.621499566301319 0.23788814514629592 0.223841462765278
3 0.9036006195101385 0.6110478030992007 0.19279876097972312 0.2455346248093752
0 0.20821268369546128 0.8766326223408332 0.20542695966092542 0.24491637575930553
0 0.45067358576897976 0.874120645707847 0.22675515551388833 0.23917552203583342
3 0.6983298357689798 0.8683563825057286 0.2251926555138885 0.2391391544446531
1 0.9226226045243975 0.863027877187395 0.15475479095120512 0.2377221248093754