1 0.13125 0.13125 0.18046875 0.228125
2 0.38125 0.1265625 0.19921875 0.240625
0 0.6234375 0.1390625 0.18984375 0.21640625
1 0.87265625 0.13203125 0.1921875 0.2015625
4 0.13203125 0.375 0.1828125 0.23828125
1 0.37734375 0.378125 0.1828125 0.240625
0 0.6203125 0.38515625 0.19453125 0.2234375
0 0.8734375 0.38125 0.18984375 0.21875
3 0.11875 0.6234375 0.1875 0.228125
2 0.378125 0.6234375 0.18984375 0.228125
2 0.6203125 0.6328125 0.18515625 0.21875
3 0.878125 0.61875 0.209375 0.240625
0 0.12265625 0.890625 0.1828125 0.21875
0 0.3640625 0.8859375 0.16796875 0.228125
0 0.625 0.88359375 0.15625 0.2328125
1 0.87421875 0.88046875 0.1953125 0.2390625