2 0.1671875 0.11784031741117677 0.25625 0.23568063482235355
4 0.40703125 0.11410738771783768 0.2140625 0.22821477543567537
4 0.65390625 0.12551894179200423 0.2453125 0.25103788358400847
2 0.89453125 0.13396816170577103 0.2109375 0.26793632341154205
0 0.14140625 0.3473201480569199 0.2359375 0.27973896567298445
1 0.3875 0.3561706474377474 0.2203125 0.2618237196019259
0 0.63359375 0.36736489681857487 0.246875 0.28649838792272553
0 0.8890625 0.36952874855676715 0.221875 0.26970899420903177
1 0.1125 0.5947602282883783 0.225 0.2636045434232434
2 0.36796875 0.6094240800265706 0.2390625 0.23300951488719618
3 0.61484375 0.6260506921038451 0.2328125 0.24053091645877273
2 0.8671875 0.6260163430562491 0.259375 0.27770558477957225
0 0.103125 0.8405093759310134 0.20625 0.26585624813797326
4 0.33828125 0.8537755475615819 0.25625 0.2681850355653605
4 0.596875 0.8636063500855624 0.215625 0.22723039578060805
3 0.84453125 0.860665324859284 0.2359375 0.21098896567298447