1 0.15682539462538866 0.11980575973923265 0.21365078925077735 0.23786601298564353
2 0.4073259235645839 0.13276327597128704 0.23965184712916782 0.25548988960884894
0 0.6506964919663178 0.15730317450858972 0.22137228398910552 0.2364398806803952
1 0.8901090605092262 0.16708114366274346 0.2197818789815475 0.2351228425309483
4 0.15981169966118158 0.3586773449665802 0.23578339448421434 0.26947056899199795
1 0.40525300227790007 0.3785706538123085 0.21318035239083954 0.25658873944669314
0 0.6485780680487983 0.4023293023496112 0.2395608418674957 0.25392738960884903
0 0.8957587274967203 0.4161226156595662 0.2084825450065594 0.23800238068039511
3 0.14762803100533375 0.6050886948044245 0.21227029977412104 0.2409637394466932
2 0.4078220783603804 0.6236786022701809 0.21704880503579282 0.24260806006354407
2 0.6505024020237863 0.6497673640380084 0.2150312787274336 0.23476828652459397
3 0.8900879747600037 0.6534862479648146 0.21982405047999265 0.27138762499835245
0 0.15505891233536845 0.8666710771096728 0.2232988050357929 0.2427171542193456
0 0.39466744390539954 0.877901767653389 0.2158503260824803 0.24419646469322204
0 0.6553697254754306 0.8881075206962812 0.1869972839891055 0.22378495860743755
1 0.8959157996329467 0.8924558758091312 0.20816840073410675 0.21508824838173765