1 0.11538506335776733 0.14405097241038017 0.2268567029858776 0.26097287878738673
2 0.36598599689790684 0.14855916723114043 0.23510624556052448 0.26763231456303554
0 0.6076271936795982 0.16906417627625198 0.21729603268729 0.23556344301173798
1 0.8576107681852303 0.1711876775194474 0.2129691656070108 0.2182121687014785
4 0.10917326818523032 0.38804663387576943 0.21834653637046064 0.2705116530976463
1 0.3483950332683675 0.4001216672311404 0.23074652749150976 0.2720741530976463
0 0.591199892302875 0.4151988698538169 0.22263909654926017 0.2451841044771271
0 0.8448711955211836 0.4206520889848367 0.23088863912390706 0.25184354025277605
3 0.0939092650831372 0.6360337545225557 0.1878185301662744 0.25135221732199753
2 0.3367098622134751 0.6457207722740945 0.2331067029858776 0.2613004274079058
2 0.57856958028249 0.6631007813192061 0.20635853268728982 0.2349902329258297
3 0.8376385776846 0.6586434119156153 0.24437198491686302 0.2665611374938141
0 0.08920034972822798 0.8897585408186028 0.17840069945645595 0.22048291836279432
0 0.30868949697478143 0.8883741824962884 0.2134826178365838 0.22325163500742312
0 0.5690642682621049 0.8926616310486647 0.19818539976756888 0.21467673790267056
1 0.8196105714804135 0.8928619055282663 0.2362317029858776 0.21427618894346737