2 0.11713295784552229 0.14805545172536988 0.23426591569104457 0.29138909654926026
4 0.34841879840099366 0.12236435995530011 0.21394536709365922 0.24472871991060022
4 0.5953756116327102 0.1048030244278539 0.21702491529826115 0.2096060488557078
2 0.8493000423508693 0.09447235777399968 0.22327491529826132 0.18894471554799935
0 0.12029152581122374 0.40314178947255386 0.24058305162244747 0.2885918784802454
1 0.3664637746914761 0.36718323809583053 0.22176695745273883 0.2654057507563047
0 0.6134296782822724 0.33429505639727636 0.24219763212077386 0.28713863912390725
0 0.8729592143866258 0.28959528954942837 0.2343305899662962 0.27721733590559855
1 0.12271727810932172 0.6520873878633994 0.2326771863755 0.2614830752619369
2 0.3860894317001179 0.6180519694063971 0.22776242739850955 0.22209279333095164
3 0.6338093142136751 0.5897966573860122 0.24829309601642038 0.26101318169855414
2 0.8761558954975686 0.5455175076184432 0.24216127068445523 0.28088863912390727
0 0.13621565496553828 0.8822994117486129 0.24031696955298726 0.23234187848024562
4 0.3925247422995558 0.8542244161880884 0.25293514422102226 0.2535284636295394
4 0.6519315585563344 0.8306183993402405 0.231087415298261 0.25668631461827507
3 0.8887412121471305 0.7984404118254875 0.21388173458010193 0.2523594475379959