2 0.1525108932701982 0.1228366166013839 0.2637282134596036 0.2411740647365729
1 0.3941890573006431 0.15368848797665263 0.24912188539871388 0.26499007303494265
4 0.6498023873386991 0.18873095188338856 0.26401205634924096 0.2863681655664099
0 0.8746604658938806 0.2284958819719455 0.24889639231879598 0.29768417386477963
2 0.1260438937644898 0.35981547572959066 0.2520877875289796 0.28241437137526876
1 0.3676597549057348 0.40088279668994087 0.25932455634924095 0.2860129680559208
0 0.6161145009514021 0.4385174643309432 0.24631522037968595 0.2725657746946165
2 0.8626247450199032 0.48540873280178254 0.2509390533834914 0.2713584722051056
2 0.10941549133130671 0.6074241815384495 0.21883098266261342 0.25720088382282336
2 0.3400136214841873 0.637021206233066 0.24743205140632513 0.26174667386477957
2 0.5931731135755219 0.6938202709696389 0.20231055239490825 0.26300059793005204
3 0.8451030281002584 0.7230979869509674 0.24220072334543516 0.28627307718412764
3 0.08867259186387313 0.8437518452307596 0.17734518372774627 0.2687536904615193
0 0.3035044826254324 0.8838799377622267 0.21937071840251948 0.23224012447554648
1 0.5501566481387521 0.8957072767692089 0.2536820514063251 0.20858544646158209
1 0.7901449781768081 0.9218698029137183 0.1774087114824372 0.15626039417256338