2 0.13457389998409164 0.12035148043270845 0.24647720003181672 0.2400483442241669
1 0.37899606198281893 0.1354180084524656 0.24513287603436212 0.25876197663298633
4 0.6351915179821827 0.1460697934060769 0.23570333203372584 0.253856271085903
0 0.8772517486473645 0.16264427003906323 0.24509651336727103 0.25563697663298635
2 0.12853079595004774 0.3710599952503474 0.2263283320337257 0.2536380655388196
1 0.3713813672820024 0.38687140567892386 0.2341590133672712 0.2553824034947224
0 0.6213086419478205 0.39894022026781306 0.24046355736790748 0.26021537385944454
2 0.8719171692791388 0.41962096865229237 0.21350106802990787 0.22522212480937503
2 0.12719337324954932 0.6203151128415278 0.21050333736472582 0.23608688962701407
2 0.36392121391632204 0.6250435529053823 0.21980561203054413 0.23005509517409733
2 0.6198894032463677 0.6552265878589936 0.16831583736472577 0.235104964665139
3 0.8722695159134585 0.6579749538346535 0.20441696936663475 0.25000391926229176
3 0.10877753855032353 0.8597951869297222 0.19495106269890758 0.2419732137152085
0 0.3483576592139146 0.8834508924768057 0.2074510626989076 0.23309821504638856
1 0.5960684532145508 0.8806006090418057 0.252909013367271 0.2387987819163886
1 0.8373565245465056 0.8940481260436461 0.1698601560311804 0.21190374791270764