4 0.10717336163239743 0.1760801473185916 0.21434672326479487 0.2759647053628168
2 0.3216350633577673 0.13364555728836572 0.23034233590559855 0.23530334269572592
4 0.5834466485070612 0.11810927458627643 0.21907705397461327 0.23048857336090783
3 0.8212033746218477 0.10609272195259309 0.27634325075630456 0.21218544390518618
2 0.10244802078312039 0.41197219398472795 0.20489604156624078 0.25418061203054415
4 0.3342561236134415 0.3996881806174568 0.2673724423422158 0.2513465133672712
0 0.5668008258430144 0.3673189339195037 0.26824652749150973 0.2638465133672712
1 0.8316499296817417 0.330670719883869 0.306587761652068 0.29863968403881636
0 0.11516422912926613 0.6709017513128647 0.23032845825853226 0.2714772000318167
1 0.3344917983515047 0.6307472766152296 0.26207293714643576 0.287193106699544
2 0.5900369580064307 0.6043553099140949 0.2571997668478481 0.2621567440324529
3 0.8391682266958641 0.5803798185471418 0.22238772427320122 0.25550675469445316
2 0.11616168747541192 0.8924767593093648 0.23232337495082384 0.21351924936345307
1 0.3512594092275975 0.8709813779440025 0.26424744234221575 0.2513101507001803
2 0.6181409066297074 0.849921801241277 0.2706831126408037 0.2763646947008166
1 0.8422175449973099 0.8270184612110512 0.2165747668478481 0.26168402936027135