2 0.1234375 0.1234375 0.22109375 0.22578125
1 0.3671875 0.12734375 0.209375 0.2328125
4 0.6234375 0.1265625 0.209375 0.228125
0 0.87578125 0.12890625 0.2453125 0.2359375
2 0.128125 0.38125 0.196875 0.22578125
1 0.371875 0.3828125 0.209375 0.23046875
0 0.621875 0.3796875 0.209375 0.23046875
2 0.87265625 0.3859375 0.2015625 0.21171875
2 0.1390625 0.6296875 0.1875 0.21171875
2 0.375 0.62109375 0.20703125 0.2140625
2 0.63203125 0.6359375 0.1515625 0.22109375
3 0.884375 0.62421875 0.18984375 0.2359375
3 0.13125 0.8703125 0.178125 0.22578125
0 0.37265625 0.8890625 0.1734375 0.22109375
1 0.6203125 0.88046875 0.21875 0.2390625
1 0.8609375 0.8796875 0.14921875 0.23046875