4 0.11328125 0.1532529325714962 0.2265625 0.2872441348570076
2 0.34453125 0.11238082878332352 0.2046875 0.22476165756664704
4 0.60546875 0.10098139446024845 0.20625 0.2019627889204969
3 0.8421875 0.08316447574405687 0.246875 0.16632895148811375
2 0.11796875 0.3903702952985926 0.2359375 0.28488440940281484
4 0.36640625 0.36930926983470147 0.24375 0.2620846381909875
0 0.596875 0.3286212705836075 0.2375 0.2693869551604494
1 0.86171875 0.28356476466455377 0.2671875 0.30149782455550544
0 0.14453125 0.6483582674188055 0.2328125 0.2861918178875458
1 0.37421875 0.6007027910465288 0.2234375 0.28855154334173855
2 0.62890625 0.5650690825520994 0.215625 0.25510131455356594
3 0.8765625 0.5323530799670257 0.1984375 0.2630733112195859
2 0.1625 0.8734539912060082 0.228125 0.24518418061464226
1 0.39921875 0.8416308089243764 0.2453125 0.2715871839486219
2 0.665625 0.8112905072476879 0.234375 0.2800693636451804
1 0.89375 0.7762625766330458 0.2125 0.27828372303829685