4 0.11875 0.13671875 0.228125 0.2328125
2 0.3703125 0.121875 0.18515625 0.20703125
4 0.63125 0.13671875 0.17578125 0.2046875
3 0.8703125 0.125 0.22109375 0.22578125
2 0.11875 0.3734375 0.209375 0.228125
4 0.3734375 0.38984375 0.20703125 0.2046875
0 0.60546875 0.384375 0.2046875 0.21875
1 0.87109375 0.3796875 0.2328125 0.24765625
0 0.134375 0.63515625 0.19453125 0.2359375
1 0.365625 0.621875 0.19453125 0.24765625
2 0.6203125 0.625 0.19453125 0.21875
3 0.86875 0.6296875 0.16796875 0.22578125
2 0.1359375 0.88203125 0.19453125 0.2359375
1 0.37421875 0.878125 0.2109375 0.24375
2 0.640625 0.878125 0.209375 0.24375
1 0.88203125 0.88203125 0.2015625 0.2359375