0 0.1234375 0.12920722241038016 0.246875 0.2580868962002413
0 0.3755833860280543 0.14510329658435409 0.23769546884459275 0.25850297602842476
0 0.6176905428755995 0.14681736205190074 0.2379562846991515 0.23827236318355452
3 0.8769956917035804 0.17373282338100443 0.22812020974529404 0.25488665309764624
3 0.10961782580287897 0.37920722241038013 0.21923565160575795 0.2599835888732951
2 0.3441879819582862 0.3903781750330566 0.2687847825396833 0.28193383197589006
1 0.6058869455610917 0.41663521709485485 0.22695822794389145 0.26105476594251653
0 0.8547750285345137 0.42262402476048544 0.24933387569213786 0.27001368611433313
1 0.10268910047988125 0.6267406416776856 0.2053782009597625 0.2744555246489437
1 0.3315926426633428 0.6358544493433161 0.24454624614248868 0.2682055246489437
0 0.5839166062661482 0.6616201684743359 0.23416995064599533 0.2520892017181652
4 0.8304912176172004 0.6792458389848367 0.2656597825396833 0.2817700576656307
0 0.08825350979604925 0.8724908146766068 0.1765070195920985 0.25501837064678623
2 0.31151547039497746 0.8752395570440328 0.2558842643410859 0.24952088591193444
2 0.5699089612956788 0.8856320420617984 0.21798374614248867 0.22873591587640335
2 0.8216018692229582 0.9022983208946137 0.22449456199704762 0.19540335821077265