0 0.12151400310209315 0.13743099025173772 0.24171687848024542 0.25611198050347544
0 0.380162383423924 0.1578073029137182 0.2374664210548924 0.2620067829929864
0 0.6188042663436449 0.15879407553374236 0.24385853268728983 0.24228627884380152
3 0.8800149179527992 0.1824729869509674 0.21627983590559835 0.24796759378086705
3 0.14724524866261768 0.39427298610255285 0.2492780062041863 0.27533557718412754
2 0.3895584348006473 0.4033090570629031 0.26701180942249503 0.2844504680559208
1 0.6522769560879708 0.42632511765029113 0.21526363912390725 0.255661694610704
0 0.8908349445619536 0.4303068357062119 0.21833011087609294 0.2634508838228234
1 0.17159431068300268 0.6424620323682865 0.2580738519971419 0.2899900730349426
1 0.4192123558555396 0.6495687504242073 0.2410284636295394 0.2684935813333123
0 0.672555877142863 0.6718744159906171 0.2306701178365838 0.2537206863123343
4 0.895251605893977 0.6874564848763749 0.20949678821204606 0.28061507303494276
0 0.19125587270338767 0.8814751429463857 0.22296687848024543 0.23704971410722847
2 0.4400922104505717 0.8852415282191016 0.2346692029858776 0.2295169435617968
2 0.6997567875540939 0.8885168337202549 0.23241828813517157 0.22296633255949025
2 0.9150665331914929 0.901356393370593 0.16986693361701413 0.19728721325881401