3 0.15234375 0.1071877834118519 0.2046875 0.2143755668237038
3 0.39921875 0.10851725461814843 0.2234375 0.21703450923629686
2 0.65234375 0.11268362660201439 0.259375 0.22536725320402878
4 0.88984375 0.11110306555099611 0.215625 0.22220613110199222
3 0.1328125 0.3422866618754632 0.21875 0.2660131451462958
3 0.3875 0.3285981428837045 0.2203125 0.29114984618305506
2 0.6265625 0.33112038425953827 0.2359375 0.27532935655064766
0 0.8734375 0.32436537045157576 0.2140625 0.2843530420360181
4 0.115625 0.596134123279815 0.1953125 0.2545876295949071
1 0.36328125 0.5822795089534729 0.2203125 0.27864984618305505
1 0.615625 0.5852022915168531 0.2046875 0.26478283581546264
0 0.86015625 0.5763085792640295 0.23125 0.2874192534403699
2 0.10234375 0.8410460820922687 0.2046875 0.27415783581546266
1 0.34453125 0.8401699213945839 0.1765625 0.2654472171537961
1 0.59140625 0.8295086575866215 0.2359375 0.2581418565506478
0 0.84375 0.8199314401500016 0.20625 0.2305445368522218