3 0.1478233932701982 0.11448334014010428 0.2231032134596036 0.22685735999173628
3 0.39516130828922624 0.12806010334222256 0.22530238342154751 0.24251872758291682
2 0.6467410543348936 0.15268346931788251 0.24755938539871386 0.25240287385944465
4 0.8831905488976861 0.18399259317732714 0.22437655338349138 0.2581073599917363
3 0.12083843477210102 0.35699749525034735 0.24167686954420203 0.26642900626826405
3 0.37272925688290115 0.37151916261277806 0.21850855536065783 0.2673368896270141
2 0.6108367519399853 0.4005209040634033 0.23981055239490826 0.25378353590354197
0 0.8571069154761386 0.4211107334699313 0.22813822334543551 0.27380509517409735
4 0.09670857359367493 0.6089412017473612 0.19341714718734987 0.24204594889756964
1 0.33826012049560417 0.6225179649494794 0.219625386387297 0.25643575721819456
1 0.5895851985564938 0.6533913309251395 0.23725855536065765 0.2677733007211806
0 0.8336071125869389 0.6715828589448967 0.2324437213682689 0.26453919794763897
2 0.08841792387909556 0.8531815110179167 0.1768358477581911 0.2626130220358334
1 0.3099136501159183 0.8740031572944446 0.20093905338349138 0.25199368541111083
1 0.55452581315778 0.8915744766329864 0.22179538144438116 0.21685104673402728
0 0.8073643116749054 0.9015696853142018 0.21809737847863175 0.19686062937159649