3 0.12578125 0.121875 0.1828125 0.228125
3 0.3734375 0.125 0.18984375 0.22109375
2 0.6265625 0.128125 0.22109375 0.23046875
4 0.865625 0.13671875 0.17578125 0.2234375
3 0.1234375 0.3796875 0.196875 0.228125
3 0.378125 0.3703125 0.178125 0.240625
2 0.61796875 0.37734375 0.2015625 0.2234375
0 0.865625 0.375 0.17578125 0.23828125
4 0.12421875 0.6328125 0.1703125 0.21875
1 0.371875 0.6234375 0.18046875 0.228125
1 0.625 0.63046875 0.1875 0.2328125
0 0.86953125 0.62578125 0.1921875 0.2359375
2 0.1234375 0.88203125 0.18046875 0.2359375
1 0.37109375 0.88046875 0.1515625 0.2328125
1 0.61875 0.8859375 0.196875 0.228125
0 0.87265625 0.88671875 0.1734375 0.2234375