3 0.15102794220506535 0.12194369857394424 0.2395558844101307 0.2435237827847038
2 0.40887227570316254 0.12422485782208117 0.17361254942915866 0.23532948770335987
3 0.6540083621670092 0.1404912490180414 0.20549921939110263 0.2511362948849522
2 0.8925376684790691 0.1512843450344617 0.21492466304186167 0.25906696955298725
1 0.14976782562661284 0.3593800660603869 0.2673280573378241 0.27336581888905725
3 0.40011799410568205 0.36942827351312574 0.21761721741393636 0.24183401775758923
1 0.6455087485543063 0.39194466470908595 0.265574556349241 0.26866922852997766
1 0.8928639444293776 0.39576105287998403 0.2142721111412449 0.2559419695529872
1 0.1411090445234239 0.6069272317514315 0.24006522037968586 0.2560237827847038
4 0.3902787149796594 0.6263413488450907 0.250875386387297 0.25296241529826113
4 0.644167718933992 0.6465639870159888 0.2635663873758801 0.25772263817089824
2 0.8961228900944839 0.6605320800073471 0.2077542198110322 0.23553856596219108
2 0.1491748484012069 0.8623823462128121 0.21787188539871388 0.24808401775758923
3 0.38517601539740126 0.8643195630844227 0.2657655573378241 0.2713608738311546
0 0.6414406028498312 0.8842715026322786 0.21736254942915867 0.23145699473544284
4 0.88340799657714 0.88104702956325 0.23318400684572005 0.23790594087349995