4 0.13025233603812653 0.1241114301939279 0.19773193668674965 0.23150691882984215
3 0.370918246346552 0.13065530519228025 0.2196069366867496 0.2318887483751469
0 0.6288534772718286 0.14218668911908633 0.22909103084255095 0.23830238960884892
0 0.8805796185055307 0.15595272889009107 0.23210693668674978 0.23210693668674964
1 0.13776837580913126 0.3757284772718285 0.2069432954530476 0.22229556006354426
1 0.3846161022701809 0.37847519642598226 0.23550467207625303 0.24778648376465026
2 0.6332308802733582 0.39296793911908634 0.2543364926931041 0.25280126623205446
0 0.8717676801939278 0.39720897442586417 0.2564646396121443 0.25611718100470676
4 0.134428736196987 0.6318421095770768 0.2039819366867496 0.2316160129856435
4 0.3797003258885615 0.6337803051922803 0.22267738960884892 0.2288182954530477
1 0.6297275994275118 0.6397065714243346 0.2009933043815014 0.2393739659077429
1 0.8900606456962812 0.6450834127374669 0.21987870860743755 0.22887284253094825
1 0.14036863919851658 0.8807005750810779 0.20104785145940202 0.23859884983784418
1 0.39180840827324004 0.875619383116027 0.25754331330995506 0.24876123376794582
3 0.6347362479648145 0.8755529736183807 0.22168763392680618 0.2488940527632387
3 0.8807507625786064 0.8807507625786064 0.2384984748427872 0.2384984748427872