4 0.128125 0.121875 0.1875 0.22109375
3 0.36875 0.12421875 0.209375 0.2234375
0 0.6265625 0.13125 0.20703125 0.21640625
0 0.878125 0.140625 0.209375 0.209375
1 0.13125 0.3734375 0.19453125 0.209375
1 0.378125 0.371875 0.23046875 0.24296875
2 0.6265625 0.38203125 0.23828125 0.2359375
0 0.8734375 0.3828125 0.25234375 0.23828125
4 0.1234375 0.6296875 0.19921875 0.228125
4 0.36875 0.62734375 0.21875 0.2234375
1 0.61875 0.62890625 0.19453125 0.2328125
1 0.88203125 0.6296875 0.2046875 0.20703125
1 0.12578125 0.88203125 0.1921875 0.2359375
1 0.3765625 0.8796875 0.228125 0.240625
3 0.6203125 0.87578125 0.19375 0.2484375
3 0.8734375 0.8796875 0.22578125 0.240625