3 0.13624785920125973 0.12170501927833144 0.21312071840251945 0.24341003855666288
2 0.3957183596955513 0.11081533197212953 0.1735488824329643 0.22163066394425907
3 0.6405361111784261 0.1070867038113688 0.18611254942915884 0.2141734076227376
2 0.8929123767300207 0.10023307565060806 0.21417524653995876 0.20046615130121612
1 0.14562149509426517 0.3635141826042817 0.23649455140632508 0.2582687846991515
3 0.395589661596168 0.34671220466039027 0.20629771543676992 0.24386632325581453
1 0.6414433310638203 0.3442731153654469 0.2557538873758801 0.2719703392949434
1 0.8882487344484055 0.3210208783222569 0.22350253110318902 0.27379365514950227
1 0.1455882974891734 0.6126025246770024 0.2174262164253531 0.24925473010335963
4 0.3951572159682426 0.6052256115079355 0.2282363824329643 0.24683063695090493
4 0.6486960514435062 0.5991608744647456 0.2407363824329643 0.24763167334809957
2 0.901948385435895 0.5860648874215555 0.1901633794672147 0.23036502775932136
2 0.16309276836315081 0.8691831917035803 0.20023871642535312 0.24815330505721747
3 0.39877560037837323 0.8478136297065328 0.2417550543720745 0.27263167334809957
0 0.6545945188574424 0.8400361983388688 0.22542971741393636 0.2544428778516064
4 0.8901845785923623 0.8170843499446268 0.21963084281527542 0.2697069324473983