4 0.12599766396187348 0.11740077640886981 0.19767738960884892 0.23176589908902612
3 0.366581753653448 0.11458455585537355 0.2196069366867496 0.2291691117107471
0 0.6242715227281714 0.11362595726424336 0.2227319366867498 0.22725191452848673
0 0.8756703814944693 0.11400292478010574 0.23210693668674978 0.22800584956021147
1 0.12473162419086876 0.3688541490042081 0.21960693668674963 0.2356547909216581
1 0.37163389772981914 0.3586705840359329 0.2482228603878557 0.26476193756361344
2 0.6198941197266419 0.3601512053653268 0.2670274074657565 0.2685417019915837
0 0.862862869726642 0.35166654965287875 0.2653285397710047 0.26067463828925297
4 0.11356407345952009 0.6253769675158625 0.22712814691904018 0.2578571731356433
4 0.3577996741114385 0.614466716249918 0.23531375730360066 0.24088792794496677
1 0.6077724005724882 0.6072990238769811 0.22314103977100466 0.2592014183263197
1 0.871040013803013 0.5988862900342319 0.22418534253094827 0.22956848202865068
1 0.1104671578793841 0.872951371962366 0.21834444561520341 0.25278772721932724
1 0.36049443141833437 0.8626586795894292 0.2496489926931041 0.25700400126594436
3 0.6042717049572849 0.8525842420258156 0.20595353977100467 0.2586012176006804
3 0.8573148843404338 0.848432422248217 0.23391489853730257 0.25020836424263565