4 0.11364866452473646 0.13602092907416655 0.22729732904947292 0.2526670434232435
4 0.3604043063120599 0.11965962469041373 0.2490582184025194 0.23931924938082746
4 0.10611741844188811 0.3810423306457431 0.2064250494291587 0.24354460049533805
2 0.6074703073006431 0.10746030055950988 0.23123404844057555 0.21492060111901976
2 0.3555271694304713 0.3647472808123589 0.23075388737588023 0.2665112196019258
2 0.5994681704190544 0.3487069421038451 0.22055121642535305 0.24576207195929084
2 0.8539792568829011 0.3220373184491433 0.2208058844101309 0.25201207195929076
2 0.340940815629238 0.8566800696874883 0.213375386387297 0.2610231989237615
0 0.8552220577949348 0.10391894272301765 0.25518088441013054 0.2078378854460353
0 0.10942019608503595 0.6444498591817904 0.19229888243296434 0.24132712903138528
0 0.6089718685184378 0.5938910095150219 0.21143088441013075 0.25157542431665564
0 0.8481935360089239 0.5788502446278256 0.23049921939110263 0.26026121960192583
0 0.6028678126634885 0.8585164356937043 0.19960204646340926 0.22919100206691462
1 0.3587490340317574 0.6110036966519591 0.22699221741393635 0.2507406703877141
1 0.10252950342286007 0.8726840210924494 0.20505900684572015 0.25172097353086753
4 0.8398558181006959 0.8217462200207197 0.22118788638729683 0.261387071959291