4 0.10964547468979069 0.13736853602751667 0.21929094937958138 0.23861609981466553
4 0.35666562721973777 0.11946302881353152 0.24796687848024543 0.23892605762706304
4 0.10276758996692166 0.38246278121819327 0.20553517993384332 0.2462103450053421
2 0.6038684091507229 0.11119168262706307 0.24127983590559854 0.22238336525412614
2 0.3443795226247058 0.36907237069642174 0.22830994234221585 0.25580359981466555
2 0.588457304555691 0.3558729331328082 0.2373571604112307 0.2514434820286507
2 0.8434015306704774 0.33216258150404415 0.2379034636295394 0.2592559820286507
2 0.31543116987125924 0.8610688977382637 0.2207159636295394 0.25865578130301115
0 0.8518524410817081 0.10581840254758716 0.2556701178365838 0.21163680509517432
0 0.09043044191488737 0.6460342078972156 0.17790575075630463 0.2259871250424091
0 0.5907800031789676 0.6012846368536725 0.2052330752619369 0.23785220798203355
0 0.830115654788122 0.5890301403970516 0.21482659654926017 0.2413045901960187
0 0.5776744437564728 0.8667186638955146 0.19923444753799585 0.2189385168750409
1 0.3403975909261517 0.6154835792266095 0.22085807526193674 0.2383978450053421
1 0.08734827262470579 0.8773387715995463 0.17469654524941158 0.24248514427970277
4 0.8146881246987224 0.8319443266947207 0.23343448491686303 0.262217290921658