4 0.11640625 0.13125 0.1515625 0.240625
4 0.6265625 0.384375 0.19453125 0.21640625
4 0.6265625 0.62578125 0.19453125 0.2453125
4 0.378125 0.88046875 0.165625 0.2390625
3 0.37734375 0.125 0.1703125 0.23828125
3 0.1203125 0.3765625 0.196875 0.21640625
3 0.37734375 0.3703125 0.1734375 0.23828125
3 0.11875 0.8796875 0.16796875 0.22109375
3 0.8703125 0.8859375 0.20703125 0.22578125
1 0.6203125 0.13125 0.19453125 0.22578125
1 0.86875 0.1234375 0.178125 0.22578125
1 0.8703125 0.378125 0.1875 0.22109375
1 0.1265625 0.6234375 0.19453125 0.23046875
1 0.378125 0.63046875 0.21171875 0.2234375
3 0.8796875 0.6265625 0.15625 0.22578125
3 0.63125 0.88203125 0.15390625 0.2359375