4 0.13759247117110793 0.1230168829197209 0.20643494234221588 0.2460337658394418
4 0.657674650271772 0.3449758302824899 0.2370293784802456 0.25446825075630464
4 0.6659616697175101 0.5869830138226295 0.2355432881351714 0.2776872294689811
4 0.425865819485079 0.8471438897049849 0.2097784636295394 0.26500155917039336
3 0.3992019605274462 0.11227648885213518 0.2046539210548924 0.22455297770427035
3 0.1504030996513534 0.3545403985070612 0.22042103268728983 0.23931314431968734
3 0.40765287093867686 0.3396920226247058 0.22449652749150975 0.27535990496334894
3 0.16605377691043205 0.8590311565528328 0.19574881461827504 0.24225247402109956
3 0.8998075199499411 0.8284064172733692 0.20038496010011783 0.23895251139996637
1 0.642318175998571 0.11052314670391308 0.2311071604112307 0.22104629340782617
1 0.8891089175746469 0.10329016488914342 0.2217821648507062 0.20658032977828683
1 0.8922089153549091 0.33027491987125923 0.21558216929018173 0.26049972946898114
1 0.16532253134990751 0.6015792894725538 0.23299744234221587 0.2635154688253195
1 0.4171963877865249 0.5996679561648454 0.25810670298587757 0.26682613912390724
3 0.9140042828133407 0.5786577895494285 0.1719914343733187 0.24450338887180578
3 0.6797010136688802 0.8395999154317838 0.17732659654926017 0.24562884629715853