4 0.11579077916320364 0.14727322591323475 0.18531405338349144 0.26741012485506793
4 0.6397853305695287 0.4329857801749969 0.2268648834215476 0.2552288603112004
4 0.6543093814815621 0.6747746674479005 0.2150015533834914 0.26983349425012404
4 0.4185296848650536 0.8882967097023773 0.20068438539871386 0.22340658059524543
3 0.37550136018984287 0.15757209455938487 0.2056265533834914 0.26906821970431694
3 0.1335989975657231 0.3932234547014074 0.21060321345960356 0.23832840273485498
3 0.3901845785923624 0.4032672318322885 0.2071890533834914 0.26919576546195145
3 0.16181676984602558 0.8857142304551626 0.19536021543676996 0.22857153908967476
3 0.8954377878318969 0.9079786305446007 0.20912442433620626 0.18404273891079867
1 0.6193150271860374 0.17903173275037237 0.2094227154367701 0.24757585697722054
1 0.8665256082126765 0.18831023533544625 0.20180121642535304 0.2516256281890479
1 0.8831214950942652 0.4427266683659844 0.2029180474519922 0.24081567394668238
1 0.15456404946633978 0.6402100250048491 0.23056288638729705 0.26954645182646964
1 0.40625388345872854 0.6638698919840094 0.22648288144438117 0.24585386031120038
3 0.9054514691439568 0.6915308301846952 0.1890970617120864 0.25867285364324066
3 0.6741257688574424 0.9029088156165818 0.1675535504177418 0.19418236876683642