4 0.13203125 0.13203125 0.2015625 0.2234375
4 0.1265625 0.38046875 0.16328125 0.2328125
4 0.634375 0.3734375 0.1875 0.21171875
4 0.1203125 0.6296875 0.18046875 0.21875
4 0.8734375 0.6328125 0.18984375 0.228125
4 0.13203125 0.88828125 0.1921875 0.2234375
1 0.37890625 0.13203125 0.1921875 0.2140625
1 0.62734375 0.13203125 0.1828125 0.2234375
1 0.36796875 0.37890625 0.1703125 0.2328125
1 0.621875 0.621875 0.1875 0.22578125
1 0.371875 0.8796875 0.196875 0.240625
2 0.8765625 0.13125 0.19453125 0.228125
4 0.8828125 0.38046875 0.178125 0.2359375
3 0.36015625 0.6328125 0.1515625 0.228125
0 0.6296875 0.8796875 0.18984375 0.209375
1 0.8734375 0.88046875 0.146875 0.2390625