4 0.11398523194782324 0.14291936057809923 0.22797046389564649 0.2672862788438015
4 0.11876661807561786 0.39082406431236566 0.17954309601642038 0.25724750539858476
4 0.6252120607958297 0.3188689831795458 0.22328400565734086 0.25900018216314946
4 0.12356670580241884 0.6395692176317136 0.2170521863755 0.26165158548249734
4 0.8761195340612501 0.5466225171982175 0.2139271863754999 0.26141478714217126
4 0.1463809953246179 0.8791402804941868 0.22314765027114647 0.23556268216314963
1 0.359347208041914 0.12192606534966186 0.2295612767345796 0.2438521306993237
1 0.6070807260940908 0.10344598464104937 0.20295332493918145 0.20689196928209874
1 0.35947343130733445 0.35852809210725994 0.19048968637549998 0.25963879958972597
1 0.6245433985226306 0.5680285335944644 0.20608741529826116 0.25613529129135626
1 0.3855298537358743 0.846181457459244 0.22957036709365913 0.2657237788438014
2 0.8555545875304092 0.09141144708628181 0.22951582493918146 0.18282289417256362
4 0.8736813770526084 0.29457476512362507 0.21401808996629618 0.27703978714217126
3 0.3634649979568965 0.6120199450116894 0.1889544574527388 0.26420790041956294
0 0.6441417844540335 0.8234613947972637 0.22168514422102223 0.2526317829929866
1 0.88797814286529 0.7901473742518318 0.17646354781181833 0.2648232070582587