4 0.10707589001853343 0.16311563620854158 0.21415178003706686 0.25189372758291684
4 0.10275540073348863 0.4105536806614582 0.20426094718226037 0.26079594889756963
4 0.6099974710592415 0.3480075149145481 0.21745042794496677 0.23612325721819455
4 0.11211305912467551 0.6594087547496527 0.22422611824935101 0.2566903303564585
4 0.8626412883049512 0.5794341271873951 0.23556551088459124 0.2630858007211808
4 0.13430543486208876 0.893020035334861 0.22907740870767296 0.211414197947639
1 0.3426363893855613 0.1356582109623261 0.23830856496827516 0.25222103590354183
1 0.589412185664697 0.11858177336701367 0.2274256286706061 0.23716354673402734
1 0.3441715744172861 0.38229682161965245 0.21212801088459124 0.26254028685347236
1 0.6106968423886354 0.5962268093674647 0.22268356496827516 0.25185735999173636
1 0.3740772629923899 0.8671432938842358 0.24299606496827525 0.2523301386770836
2 0.8389583178786821 0.10638828505052053 0.24083336424263563 0.21277657010104106
4 0.8589533262313847 0.32738131791683955 0.2151984471822601 0.2610505220358335
3 0.349367472788522 0.6358757632990274 0.1914881286706061 0.2526925081681252
0 0.632217145206375 0.8517676413394438 0.22698911905195923 0.24102896276527802
1 0.8751412551878415 0.8250369147064575 0.17758931977759856 0.25705269984750034