4 0.15434085227347621 0.10810092633659411 0.2288182954530476 0.21620185267318823
0 0.40254652719239836 0.11451127908036951 0.25428194561520334 0.22902255816073902
3 0.6506021976470935 0.11864998840829344 0.2574342191541536 0.23729997681658688
0 0.8988351461049661 0.11057327143491683 0.19921261606989873 0.22114654286983365
0 0.13739526542457078 0.3556900159261899 0.22196036931630952 0.28608723137238706
4 0.37248333157719493 0.3458999740445766 0.24816831330995512 0.26732182082080846
2 0.6340929874213936 0.33690659271454193 0.2576251339268062 0.27255535239083956
3 0.881231040181337 0.3521697587395538 0.2272830689919978 0.23332625241907437
2 0.11258311323217247 0.5998873369587598 0.22516622646434495 0.26136024715740264
4 0.35417979627041707 0.5896877713996233 0.24328989853730273 0.2561113050357928
0 0.6098979622608856 0.60523165848544 0.23095353977100466 0.2647582629424182
0 0.848605906254531 0.611620353449647 0.20411830438150141 0.24758617349399667
4 0.10069015219404595 0.8434931237904628 0.2013803043880919 0.25879668927901206
4 0.3287086432688875 0.8416975924321932 0.23407853977100473 0.26494027346576204
3 0.585221696028831 0.8564147268871739 0.20847852191409721 0.22910918927901208
0 0.8382376018730296 0.8479218744963344 0.2551353336024945 0.2193393471291678