4 0.12063300315754599 0.16170261042452166 0.23607136691824024 0.2640302208490433
0 0.3579183896796757 0.15531391546031456 0.27112987210203654 0.273844836605824
3 0.6069614824223608 0.15893725732781044 0.2714620627712033 0.25987334186749583
0 0.8524011215363887 0.15690983867196256 0.2329272430727773 0.22809272084904336
0 0.16340342940661956 0.4284651761954198 0.24607108350638834 0.28948524715740265
4 0.3941264576346752 0.40925796281536114 0.26433306795499956 0.26723081555913664
2 0.6497127848259716 0.3899443336220522 0.25896206277120337 0.2591452997741211
3 0.8875279772385646 0.3950846728587122 0.22494404552287078 0.2366332629424182
2 0.2026291906226839 0.672480486704646 0.23708706277120317 0.25787122611071533
4 0.4388209688507395 0.6535917917404389 0.2568527586241661 0.2528042945124492
0 0.6957449121118044 0.658451409916294 0.26882507832259217 0.2830378260824803
0 0.9114230356976847 0.654406464952087 0.17715392860463056 0.24914867349399666
4 0.24830044147115568 0.8934083657567807 0.2221264441095366 0.21318326848643848
4 0.4790330316219428 0.8848439788121383 0.25753626380796246 0.23031204237572353
3 0.7374900805851835 0.8929472997388274 0.24462616069768472 0.21410540052234522
0 0.9258063931200458 0.8893395759413061 0.14838721375990857 0.22132084811738792