1 0.11647494857394425 0.15080510771838498 0.23271354781181844 0.26098521543676995
0 0.35705904195808597 0.15357857513232126 0.23441240319801268 0.2844863824329643
4 0.6241192769309712 0.1425906314815622 0.20448855386194253 0.24265170950527087
2 0.8592937076491307 0.15529751440881814 0.23108741529826132 0.24998404844057553
3 0.12186292710392195 0.4056517752088709 0.22330218637549998 0.2543532134596035
2 0.36161577351312574 0.39979965912471005 0.2248828670936593 0.25754188045579796
1 0.6185606651018694 0.39542912999868746 0.20138173458010195 0.24564937551288207
3 0.8818237343837101 0.40303201885744244 0.20915787314378348 0.23971771049385407
2 0.14203556829988212 0.6509470291632036 0.2389453670936592 0.2581148834215476
0 0.38182932132494424 0.6521261630790427 0.21698855386194263 0.24316104547482595
1 0.88247421593875 0.6490939353593452 0.18570219242562408 0.23563770555093821
0 0.15905593841860344 0.8857610864638467 0.2497737827847038 0.22847782707230663
1 0.38639514323906365 0.8897866946765234 0.23259537314378348 0.22042661064695324
1 0.6441167396482674 0.8802432221097064 0.22807149960721668 0.23951355578058725
0 0.8912214602814093 0.8869468320524035 0.2175570794371815 0.22610633589519297