1 0.14296875 0.12145053015178683 0.2171875 0.2400997124710204
0 0.3875 0.1462581650562091 0.221875 0.2699782134596036
4 0.65703125 0.15411572189974163 0.2140625 0.2602848784786317
2 0.8890625 0.18075777083460876 0.221875 0.2637282134596036
3 0.1296875 0.37325311068413447 0.2140625 0.24778487847863168
2 0.3703125 0.3885265780980708 0.2078125 0.24284271049385406
1 0.6265625 0.40678046547395097 0.2 0.24721187551288218
3 0.88984375 0.43703960433270594 0.203125 0.23327670950527093
2 0.128125 0.6185019436879401 0.25625 0.28075388737588014
0 0.36640625 0.6407111606075848 0.21875 0.24797587946721472
1 0.86796875 0.6814607663859845 0.2046875 0.2505278765014653
0 0.1203125 0.8719068334980971 0.2375 0.2561863330038058
1 0.346875 0.8865429837069682 0.2125 0.22691403258606363
1 0.60625 0.889156636387297 0.20625 0.221686727225406
0 0.86953125 0.9043107455885568 0.2421875 0.19137850882288632