0 0.11858998758216435 0.17579893939369337 0.22978232122152567 0.26097287878738673
0 0.9001267721299111 0.63837185549318 0.19974645574017771 0.2718218475797222
0 0.24164240048813693 0.8941970573269463 0.2612237687959313 0.2116058853461073
2 0.35280561985409814 0.1670701498182859 0.24709736697916024 0.263436137493814
2 0.6023911606107628 0.15603523179417594 0.24853232122152563 0.2619555246489438
2 0.7376565310930807 0.8805505950355309 0.24642768728260195 0.23889880992893814
4 0.8353951081851685 0.1324626922187685 0.18641521637033698 0.1871325870642727
4 0.9266091369830395 0.8755277809805218 0.14678172603392098 0.2489444380389564
3 0.15553110456132452 0.42822125452255577 0.22238440940281484 0.24658283016686777
3 0.39952034956035465 0.41533723145549173 0.2636151872826019 0.2751925090451115
3 0.8768411678826966 0.3815110238559743 0.2463176642346067 0.27017746042459256
3 0.19515081138876383 0.6753385939616777 0.291995278797871 0.27979147783744696
1 0.6431907301652986 0.39854695838842763 0.2325246839486219 0.2564491530976463
1 0.43776887502424583 0.664716433739484 0.265432778797871 0.27839939620024123
1 0.6979730513868242 0.6503484758012822 0.22238440940281484 0.24658283016686777
1 0.49237585306351245 0.8910831026681049 0.2285068636451804 0.21783379466379033