0 0.10518546698331324 0.15895189425878137 0.21037093396662648 0.25397121148243723
0 0.8482837760077402 0.5633742311425577 0.2543001549066684 0.27074221741393634
0 0.11553771653308728 0.8894723823957833 0.22964099163225699 0.21672587946721472
2 0.33921855099536824 0.13195967684484508 0.22182184757972223 0.24603137749004844
2 0.592626834012055 0.11588103209177211 0.23974633197589004 0.23176206418354423
2 0.6162304353254229 0.8410057771116752 0.22584760628614955 0.2633462114824372
4 0.8301611335370851 0.08019158840383203 0.1959277329258299 0.16038317680766406
4 0.8525331054972394 0.8095488941844193 0.21959760628614972 0.2630915434976597
3 0.10511134526267359 0.41062714079874024 0.21022269052534717 0.24590404349765968
3 0.3488956869073025 0.37869275540002645 0.24616010628614954 0.26417388243296436
3 0.8390570194490194 0.3080474025873763 0.2478044934412793 0.26580004942915875
3 0.1179671311064651 0.6561160543348936 0.2359342622129302 0.2603140533834914
1 0.5963405749669434 0.3428839534994098 0.2432807677515388 0.2687340484405755
1 0.3483346856641071 0.6274021694304712 0.23966444482076027 0.25923171444818677
1 0.6128851865686182 0.5924555305717163 0.22527439620024126 0.2524087114824372
1 0.3680009752395146 0.8620344960084863 0.2408175090451116 0.25148288144438136