4 0.1484375 0.11868182230690287 0.25 0.23736364461380574
3 0.3984375 0.12658470501685193 0.275 0.25316941003370386
2 0.6515625 0.13482367057232328 0.26875 0.26964734114464656
0 0.89375 0.15183156460645866 0.2125 0.25904878883482796
3 0.1390625 0.353878458041914 0.2515625 0.27333854781181854
2 0.38671875 0.3688438861277946 0.2484375 0.2764453670936592
2 0.6375 0.38691613349551596 0.23125 0.25134537314378347
4 0.884375 0.4057923567609364 0.21875 0.2465851502711464
3 0.1125 0.5993454941462675 0.225 0.25755901170746504
1 0.36640625 0.6213058107958297 0.2328125 0.268541963502863
3 0.62109375 0.647167832265852 0.253125 0.25459763817089803
0 0.871875 0.6558650796335733 0.24375 0.26391809601642036
2 0.10859375 0.8438994700439665 0.2171875 0.24032605991206707
1 0.34921875 0.8753120547457055 0.2484375 0.2436328670936593
1 0.615625 0.8792308985226306 0.24375 0.23579309601642037
3 0.8515625 0.8778582543016082 0.259375 0.23588399960721632