2 0.11794088887180565 0.17275582654882313 0.23063726684784802 0.27051165309764624
2 0.5968582105274463 0.15348676390635158 0.2499664210548925 0.257513686114333
2 0.38919780188092634 0.4119256264125376 0.238373357192922 0.24756547602842466
2 0.6303091209386769 0.39809657903521395 0.25887152749150977 0.27354812188998173
2 0.8860190815045603 0.3898967339418825 0.22796183699087927 0.24896420171816533
2 0.23649731688718897 0.8922627431025951 0.23873399011264293 0.21547451379480975
2 0.7177419630484616 0.871898751695451 0.2899794158591124 0.25620249660909805
0 0.34933300050420313 0.16464451266315616 0.21468448491686284 0.2650052815463487
0 0.8481639844126597 0.1518677894598065 0.2432029688253195 0.22758052464894374
0 0.4748496227033877 0.8885346347802805 0.22765437848024545 0.22293073043943892
3 0.14735986314500674 0.4264949802122963 0.241574766847848 0.2710848631835546
3 0.6726815632808927 0.64784427351729 0.24168402749150975 0.2726473631835546
4 0.1873339251653917 0.6753385939616777 0.22184142105489238 0.25603971732199754
4 0.43485913518863484 0.664180845204873 0.23488772427320104 0.26450731456303556
1 0.8990923359055986 0.6368912426483098 0.20181532818880293 0.2622830732694627
1 0.9246218496513535 0.8842034181356515 0.150756300697293 0.2315931637286969