4 0.12265625 0.134375 0.2328125 0.240625
3 0.3734375 0.1265625 0.24296875 0.240625
2 0.6265625 0.125 0.22578125 0.23828125
0 0.8796875 0.1296875 0.21171875 0.240625
3 0.1296875 0.38046875 0.21171875 0.2359375
2 0.378125 0.3796875 0.20703125 0.23828125
2 0.6296875 0.38125 0.196875 0.21875
4 0.87734375 0.384375 0.2015625 0.23046875
3 0.1140625 0.628125 0.21171875 0.23046875
1 0.375 0.6328125 0.19453125 0.23828125
3 0.63125 0.6421875 0.22578125 0.22578125
0 0.88203125 0.634375 0.2015625 0.22578125
2 0.1265625 0.87265625 0.21640625 0.2234375
1 0.3765625 0.8890625 0.21875 0.21640625
1 0.6421875 0.88125 0.21640625 0.22578125
3 0.884375 0.8796875 0.23046875 0.240625