2 0.10735785893377318 0.15751802273741303 0.21471571786754637 0.25253604547482605
2 0.5979481035234968 0.14873054353484072 0.23687082884638358 0.2562340484405755
2 0.35432716950426374 0.40317932710948756 0.2255696159934022 0.24328837946721488
2 0.5986000067304247 0.3951426285158127 0.23856972116625172 0.2609852154367699
2 0.8599239516367174 0.39249376688027604 0.22896740063313814 0.25279071345960363
2 0.1351593515449398 0.8869880054372075 0.22538775956691143 0.226023989125585
2 0.620079920824412 0.8786648053606578 0.24826296991261038 0.24267038927868434
0 0.3474479983506474 0.15573132414373808 0.20111518527287436 0.26101970752810455
0 0.8506328343231668 0.14729401342023493 0.22998433135366625 0.23410438045579798
0 0.37357699386480786 0.8873620316346615 0.20534804420664746 0.22527593673067692
3 0.10846910022479157 0.41193360870696816 0.2069560083132702 0.24721187551288218
3 0.607754731724107 0.6450298819758539 0.21021740063313815 0.25202670950527095
4 0.11608405727178528 0.6609759451708148 0.21821175705962897 0.2585950444862428
4 0.3665386983380121 0.6555376645619175 0.20856397241989288 0.24883804250907654
1 0.8613116407370225 0.6405001853593453 0.2498254699126104 0.27236838441013056
1 0.865665205464148 0.8838854990485979 0.22584240063313815 0.2322290019028042