4 0.10963510912820673 0.16552204842978963 0.21927021825641346 0.2752059031404207
3 0.3308687238554909 0.13452210101621437 0.2940389556083661 0.26904420203242874
2 0.5826563668018766 0.11907529427315452 0.2815622663962468 0.23815058854630905
0 0.8373322114079362 0.10510005931684932 0.2628355771841274 0.21020011863369864
3 0.11043782468532784 0.4097577817367422 0.22087564937065568 0.2711094365265156
2 0.338368957459244 0.3799182028903586 0.25919035892771414 0.27258100831327015
2 0.5906893966713633 0.35230871377741824 0.25847996390673594 0.2632060083132702
4 0.8389851867133196 0.32637538493103463 0.23913796805592077 0.254847939033798
3 0.1024099919021229 0.6572549073635627 0.2048199838042458 0.26003554420664765
1 0.33799749147791563 0.6317163836108864 0.24332856058738805 0.26900136724704354
3 0.5951946848392199 0.6117602701247667 0.277348363076899 0.2653140775927422
0 0.8419755190723173 0.5749576374383171 0.24406226639624684 0.2581093313536661
2 0.11114360662940703 0.8844251611244864 0.22228721325881406 0.22896740063313814
1 0.34356837217723935 0.8771054399582349 0.2605626821631494 0.22896740063313814
1 0.6092884605595217 0.8475470059390018 0.2562070688857577 0.2537855442066476
3 0.8268670468672117 0.8154917092250716 0.23899625809787714 0.2735524749271754