0 0.11796875 0.128125 0.2359375 0.23046875
3 0.37734375 0.1234375 0.1921875 0.21875
4 0.628125 0.1234375 0.18046875 0.22109375
4 0.8734375 0.128125 0.209375 0.23046875
1 0.121875 0.378125 0.196875 0.23828125
2 0.37109375 0.37109375 0.2015625 0.2140625
1 0.621875 0.37734375 0.21875 0.2328125
3 0.8734375 0.37265625 0.19921875 0.2328125
3 0.1203125 0.6296875 0.19453125 0.22109375
1 0.3703125 0.625 0.20703125 0.23828125
0 0.628125 0.6234375 0.21171875 0.24296875
4 0.8734375 0.6265625 0.18984375 0.22109375
1 0.1234375 0.884375 0.1875 0.23046875
1 0.371875 0.88203125 0.196875 0.2359375
1 0.615625 0.878125 0.19375 0.24375
4 0.878125 0.8796875 0.19453125 0.240625