0 0.11454364963718029 0.14597393362228053 0.22908729927436058 0.2575728672445611
3 0.3595882764088698 0.1450814834556648 0.21432542794496667 0.24085624813797318
4 0.6106696267716896 0.1481680578961549 0.19702880054030486 0.23693072745980875
4 0.8551735949205241 0.16033853390822156 0.23965281015895173 0.2513956418516669
1 0.10666292845071183 0.39690073283649224 0.21332585690142367 0.258189297352185
2 0.3532836795894292 0.3928468953663236 0.2332936827542901 0.2479795434232434
1 0.6041467751429254 0.4021834698068137 0.24779269237293705 0.2611345148871962
3 0.8562003484639031 0.39983768155085675 0.22262900126594437 0.2552826211735025
3 0.10686256393399893 0.6487907185684685 0.21372512786799786 0.24747012117350237
1 0.3530108279606651 0.6471534057054058 0.23869051088459123 0.268510367244561
0 0.6104240238769811 0.6481873285743193 0.23545638347992953 0.2652398180303493
4 0.855927496835139 0.6541441918899389 0.2241369375636136 0.25379289578060826
1 0.10842504737544403 0.8858112214639527 0.21685009475088807 0.22837755707209445
1 0.35368291743889363 0.8853104154253154 0.22720737386128267 0.22937916914936912
1 0.5976511722482171 0.8852730089937839 0.21508931977759857 0.22945398201243208
4 0.8604512726110368 0.8874070513835702 0.22128475607526782 0.22518589723285948