0 0.1330289139618735 0.1217840810220486 0.25894217207625303 0.2435681620440972
3 0.38774368750082383 0.11705760058934016 0.22451262499835237 0.23411520117868032
4 0.6391698198060721 0.11795443241914909 0.21045012499835244 0.23590886483829818
4 0.8834692447249942 0.12222174548942677 0.22453989853730255 0.24444349097885354
1 0.12019412865509563 0.3618979751143749 0.21530126623205442 0.2549096248093751
2 0.3693856051161453 0.35765984432107606 0.23862967207625302 0.2492051386770835
1 0.6191128697266419 0.36746602973218695 0.23394217207625304 0.24909603590354196
3 0.870607185879266 0.3655170975521173 0.22785581330995514 0.25832556553881963
3 0.11054816761532145 0.6136968644570485 0.2210963352306429 0.25371080072118063
1 0.35557865503671504 0.6117842998681594 0.24054672808260752 0.2695540062682641
0 0.6124735373419633 0.6136143311189578 0.23262513392680617 0.2631221683123613
4 0.8575814857998358 0.6196233693036104 0.20877853084255094 0.2391391544446531
1 0.1013145793450815 0.864641768617361 0.202629158690163 0.2502584924005557
1 0.3433751152657103 0.8635286378240622 0.2341330868489054 0.26003353590354195
1 0.5863302284962352 0.8586547273954857 0.2356955868489054 0.26006990349472225
4 0.8486938608014836 0.8603574720771521 0.22604785145940198 0.244226697947639