2 0.11114720761021382 0.13994007775694423 0.19172954342324347 0.24085732026407375
2 0.8734288837888962 0.2113376836954613 0.20750009263745497 0.24534933063166625
2 0.11505549586617081 0.3928695881245368 0.2012500926374552 0.24480252648462927
2 0.34236489681857485 0.6661285967487031 0.22646841645877275 0.2516772430727773
4 0.3637991726640258 0.17224189571194376 0.21738451488719618 0.2571070368522218
4 0.3538996720448532 0.41847234674870304 0.20764564185166687 0.24847433063166627
4 0.865691196651959 0.4616794362873594 0.18958484656639668 0.22822061922731454
0 0.6173972076102139 0.18423121366694326 0.17312509263745532 0.24234190782296267
0 0.5978336468185749 0.6884792162588415 0.19717902274507892 0.22421662441111073
0 0.09076397125906494 0.8837694072573148 0.18152794251812987 0.23246118548537034
3 0.6105863196874883 0.431516316777221 0.22385283870851377 0.2623413409992589
3 0.33239262159229643 0.8932113407164349 0.21106174028009034 0.21357731856713008
3 0.5764337200207199 0.9011591246939347 0.19231174028009032 0.19768175061213072
1 0.0923885913991101 0.6473130803488424 0.1847771827982202 0.2326347171537959
1 0.8440001714256807 0.7084471295484243 0.18540676881613755 0.2387480161170366
1 0.8323562342887435 0.915317952450879 0.23598896567298447 0.16936409509824202