2 0.09921875 0.15288697077054025 0.1984375 0.2463989415410805
2 0.859375 0.14141150864247462 0.209375 0.23890469028743927
2 0.12734375 0.40448657468974847 0.2125 0.2499331185006847
2 0.37890625 0.6508687958560001 0.2078125 0.23104672618081673
4 0.3515625 0.15710442399010327 0.215625 0.25471154671393
4 0.36640625 0.4036300830030187 0.2125 0.2514956185006845
4 0.87734375 0.39037184586863544 0.1859375 0.22416022868809904
0 0.60390625 0.14100937720966625 0.175 0.2410294799417403
0 0.634375 0.6450209272888086 0.1953125 0.22130801332783517
0 0.13984375 0.8928012654394062 0.1953125 0.2143974691211877
3 0.621875 0.3884072144358271 0.2078125 0.24510922618081654
3 0.39375 0.8878446439692207 0.203125 0.2243107120615587
3 0.63671875 0.8793155673657569 0.196875 0.24136886526848614
1 0.12890625 0.6600007887963713 0.1875 0.23045569279472175
1 0.8796875 0.6380962920285695 0.1984375 0.24483644154108042
1 0.8890625 0.8816330625490476 0.221875 0.23673387490190478