2 0.1171875 0.1296875 0.17578125 0.22109375
2 0.8796875 0.134375 0.178125 0.21171875
2 0.1328125 0.38125 0.178125 0.21640625
2 0.371875 0.63359375 0.19453125 0.2140625
4 0.3703125 0.13984375 0.18515625 0.2234375
4 0.371875 0.3859375 0.17578125 0.21640625
4 0.88359375 0.384375 0.1703125 0.20703125
0 0.6234375 0.1296875 0.15390625 0.22109375
0 0.62734375 0.63359375 0.1828125 0.2046875
0 0.11953125 0.8796875 0.1828125 0.21875
3 0.628125 0.3765625 0.19453125 0.228125
3 0.3734375 0.88125 0.17578125 0.21875
3 0.6171875 0.875 0.16328125 0.22578125
1 0.12109375 0.63671875 0.1734375 0.2140625
1 0.8734375 0.63203125 0.16328125 0.2140625
1 0.87421875 0.8859375 0.2046875 0.22578125