2 0.16711849025173772 0.11157241706037546 0.22798698050347546 0.22314483412075092
2 0.8942119412867118 0.12690222886378977 0.21157611742657637 0.25380445772757954
2 0.16293251079716947 0.35150295789721553 0.21499007303494264 0.24593752649368783
2 0.6554402421258375 0.3695534872164922 0.23975327469461655 0.24368554573098153
2 0.8918629942004299 0.8578991914855107 0.2162740115991401 0.2335665012659444
4 0.4201134356876343 0.1153286003204107 0.22448347220510562 0.2306572006408214
4 0.4025870066479846 0.3509672114405946 0.1953879680559208 0.2546031983633867
4 0.674017256447492 0.6250495190676577 0.23049667386477957 0.24492066351699632
4 0.9029699587202549 0.6218426403970516 0.19406008255949025 0.24815479092165801
4 0.4112016381957228 0.8574726717848808 0.2396115647365729 0.2623809820286507
0 0.6597562761445092 0.12151534097584094 0.24671366971559472 0.24303068195168187
0 0.1580244809276827 0.5968526634321784 0.23456886722608386 0.257529790921658
0 0.17450619898360353 0.8453720089856747 0.23890116971559477 0.25300598202865066
3 0.8966822246922945 0.37340514039705164 0.20663555061541103 0.24771828130301127
3 0.6611899828017824 0.8589260112631093 0.23229597220510562 0.24810022721932726
1 0.41118536972488356 0.6091616573569106 0.182224194610704 0.20427581614940155