2 0.13203125 0.12734375 0.1828125 0.2234375
2 0.875 0.1296875 0.20703125 0.23046875
2 0.1265625 0.38203125 0.17578125 0.2234375
2 0.61796875 0.3828125 0.2015625 0.21640625
2 0.8765625 0.88125 0.21640625 0.23046875
4 0.384375 0.128125 0.18984375 0.228125
4 0.365625 0.3734375 0.14921875 0.23046875
4 0.63515625 0.6375 0.1921875 0.21875
4 0.8828125 0.62578125 0.196875 0.2234375
4 0.371875 0.8828125 0.18515625 0.23046875
0 0.6234375 0.1296875 0.18984375 0.21171875
0 0.1203125 0.62734375 0.196875 0.2328125
0 0.13125 0.8765625 0.19921875 0.22109375
3 0.865625 0.378125 0.18046875 0.22109375
3 0.62265625 0.8828125 0.1703125 0.23046875
1 0.37265625 0.63125 0.1390625 0.17578125