2 0.11618261181247738 0.16964231240468758 0.22775926434108595 0.2674096248093752
2 0.8406528832502772 0.12955835989482709 0.25318076650055443 0.22587674145062517
2 0.1434412284053167 0.42458438554295147 0.21884533929494343 0.25004028685347246
2 0.6284682680417137 0.3851680077868755 0.24520758019564468 0.24753353590354193
2 0.9155980282207465 0.8590653283596883 0.16880394355850684 0.2690448599917364
4 0.35520553901808827 0.15024292144649334 0.23985874614248867 0.2614505655388196
4 0.3780071930878563 0.39650032560680587 0.20870887569213803 0.2622857137152085
4 0.6883391255352544 0.6377488003399311 0.25245887569213804 0.26330400626826406
4 0.9012875994739762 0.6050136079949661 0.19742480105204763 0.2646483007211808
4 0.4673605012273924 0.883923671162153 0.24344482109634616 0.23215265767569412
0 0.592185104872647 0.13547647910152827 0.24999520974529404 0.24920513867708355
0 0.17864275292543547 0.6695702304327085 0.24963426434108596 0.2679187710859029
0 0.22983022284976234 0.8928057490500695 0.25288037785160633 0.21438850189986097
3 0.872609491823552 0.3604271533978133 0.23653348704319016 0.2582528303564585
3 0.7163592057308993 0.8740242805367536 0.2306840052417872 0.2519514389264927
1 0.4279721244555203 0.6527509788171878 0.1799039528054637 0.20232883225631965