1 0.13203125 0.12265625 0.2046875 0.2234375
0 0.3734375 0.13984375 0.21171875 0.2140625
4 0.628125 0.12578125 0.240625 0.2359375
3 0.86875 0.121875 0.209375 0.23828125
2 0.1203125 0.37734375 0.209375 0.2359375
3 0.38359375 0.38125 0.2015625 0.228125
3 0.621875 0.3796875 0.228125 0.240625
0 0.871875 0.37734375 0.21171875 0.2328125
4 0.1125 0.625 0.18984375 0.23046875
3 0.371875 0.621875 0.21640625 0.240625
2 0.634375 0.621875 0.209375 0.22578125
0 0.875 0.634375 0.21875 0.23046875
3 0.1390625 0.87734375 0.18046875 0.2453125
2 0.3765625 0.884375 0.22578125 0.23046875
4 0.61953125 0.88046875 0.2046875 0.2390625
2 0.890625 0.88203125 0.21875 0.2359375