1 0.1405208178786821 0.11465284599777284 0.23145836424263583 0.22930569199554568
0 0.3811904578972155 0.13144671061427515 0.2506994375636135 0.24656810669954393
4 0.636041649004208 0.1283000786322516 0.2763542019915839 0.2566001572645032
3 0.8764483941948846 0.1283717092815251 0.24488594718226048 0.2567434185630502
2 0.11577503362285495 0.3626079933163644 0.2315500672457099 0.25579765603118043
3 0.3743228658870983 0.37283477928072967 0.22408237386128266 0.24469652402927142
3 0.6123585792266095 0.3770933759150493 0.26875995680090714 0.27176810136854385
0 0.862140324417286 0.38043436254777824 0.2544792019915839 0.26535446936663487
4 0.10091762613871735 0.6104460566518188 0.2018352522774347 0.25723288669636235
3 0.34641608757931197 0.6129057959500478 0.25297126569391465 0.2668987880330894
2 0.6078074553653268 0.6192354225811858 0.2413790012659444 0.24802151869827113
0 0.8476958453838602 0.6375292472151873 0.2413790012659444 0.24802151869827113
3 0.09886899810108345 0.8618267433163644 0.1977379962021669 0.25697834802672614
2 0.3319716085458862 0.8700006806174567 0.26185519237293686 0.2529453760343621
4 0.5748312311412245 0.8702984832511401 0.23512900126594438 0.24794879336408968
2 0.8426090081830665 0.8726491345480965 0.2425595553496283 0.23710220003181667