3 0.10360624107154626 0.1617797948158411 0.2072124821430925 0.25480958963168215
3 0.5837147065755472 0.171743438811134 0.24819558684890541 0.2731577705454318
3 0.860310614044599 0.41487108985539684 0.23089899269310407 0.26560537967363834
3 0.8781046712720647 0.8915553408810821 0.21541036038785571 0.21688931823783583
4 0.3435709476470935 0.1707566661911098 0.2402467191541537 0.26475327469461657
4 0.11397535633396125 0.41698843568763433 0.22281375730360065 0.24938838382282338
4 0.3815684107187579 0.6829023912960005 0.20856034253094827 0.2373852912913561
4 0.6301347755741358 0.8907421845500918 0.2372853603878557 0.21851563089981632
1 0.8502845978092493 0.18255549732392956 0.2338058043815014 0.2533421780139645
1 0.6052003741908687 0.41979077511882384 0.18240694561520332 0.2588100053985848
1 0.13777750041033238 0.6667758707505688 0.23103536038785574 0.2734178796736385
1 0.8707224139651688 0.6699021319719456 0.2263478603878557 0.27306268216314944
0 0.3589020726487412 0.4128616558181476 0.2436990016215578 0.2837400730349426
0 0.6218758108809137 0.6745141639160247 0.19915806899199778 0.2351123962703781
0 0.38693420049305793 0.8942380199207317 0.20565353084255095 0.21152396015853653
2 0.14077226664568204 0.8882579392121194 0.2352046631477993 0.2234841215757612