1 0.12345428947255381 0.1218881146577723 0.24193539976756892 0.24349651170746495
0 0.3636586723922747 0.13767115417997136 0.24752983590559854 0.23415787314378345
4 0.6193295181852303 0.12212692564999368 0.2604668784802454 0.24048059601642038
3 0.8593917894725538 0.1204518379231927 0.23746642105489252 0.2409036758463854
2 0.1050758120588223 0.3766437923508694 0.2101516241176446 0.2418794695529872
3 0.35693415294653663 0.3790183168459539 0.23401363912390724 0.2418885599120669
3 0.5953246635901983 0.3760695370863122 0.25476318169855416 0.24825673458010195
0 0.8454885545556909 0.37227132963357334 0.22877983590559836 0.234048788834828
4 0.08938565604862979 0.6243454941462675 0.17877131209725958 0.24180674668035032
3 0.32838926382262945 0.6197114945390509 0.25563726684784793 0.26075673458010196
2 0.5908892638226295 0.6181843142136753 0.24182613912390724 0.24193401170746504
0 0.8306401786733357 0.6292843989154141 0.24807613912390708 0.2419703731437835
3 0.0950350864866762 0.8718517532214538 0.1900701729733524 0.25589651775758926
2 0.3143767682621049 0.8759387686413518 0.2654821604112307 0.24519536709365894
4 0.5573455182621049 0.8745252178044713 0.2326696604112307 0.24500446955298721
2 0.8252596379402741 0.873747471222317 0.2434978997675689 0.24350560206654456