3 0.128125 0.12734375 0.18984375 0.2234375
3 0.6125 0.12890625 0.20703125 0.2328125
3 0.87578125 0.375 0.2046875 0.23046875
3 0.86796875 0.88046875 0.1796875 0.2390625
4 0.37109375 0.134375 0.2046875 0.21875
4 0.128125 0.38125 0.18984375 0.20703125
4 0.3828125 0.6453125 0.18046875 0.19921875
4 0.6203125 0.88359375 0.19453125 0.2328125
1 0.8796875 0.12890625 0.18984375 0.2328125
1 0.6203125 0.38125 0.15859375 0.23046875
1 0.1390625 0.63046875 0.1875 0.2234375
1 0.8734375 0.6296875 0.18984375 0.23046875
0 0.37421875 0.37578125 0.2046875 0.2359375
0 0.6234375 0.63515625 0.178125 0.2046875
0 0.3765625 0.8859375 0.16328125 0.22578125
2 0.1296875 0.88359375 0.1875 0.2328125