3 0.1266149599021776 0.118567706125526 0.21814443244739817 0.237135412251052
3 0.610339117829457 0.11645581874332236 0.22938232109634615 0.23291163748664473
3 0.8536933898855658 0.350585199290059 0.229382321096346 0.24653772721932726
3 0.8038834430970816 0.8480876818668639 0.22655770974529404 0.25111609981466537
4 0.3688828030546324 0.11885411588709834 0.23190654379845022 0.23727185462398898
4 0.10914221044204468 0.3704439308553735 0.21828442088408936 0.23074903611233477
4 0.3392654403193044 0.6296824884824366 0.21714313695090492 0.22584328130301118
4 0.5559768692229582 0.8606422786863046 0.21824456199704745 0.24303078130301117
1 0.8772262291805092 0.11358005608704162 0.2105321915466966 0.22716011217408325
1 0.5980744455610917 0.361850114621154 0.19218270974529403 0.2499156983633867
1 0.10045072601974832 0.6194444260460502 0.20090145203949664 0.23489089908902622
1 0.8303410232927263 0.6055182359505479 0.2366336165928395 0.2623809820286507
0 0.3526315376338123 0.36028764773826377 0.24112085749354062 0.2594196731356432
0 0.580240893743077 0.6158109283234848 0.21598115514950217 0.2320387176006804
0 0.31237706354743217 0.8668104662499181 0.20594482109634615 0.2457192716843643
2 0.08792808875968895 0.8707167493670278 0.1758561775193779 0.24771828130301116