2 0.11063749107154626 0.1599891067298018 0.22127498214309252 0.2512282134596036
3 0.3515198153418453 0.15113932463802968 0.2700978603878557 0.26707338935304653
4 0.5977772065755473 0.15179187653864634 0.2544455868489054 0.2648742193911026
2 0.8487493713481996 0.15107292942784617 0.2306262573036008 0.24204421444818677
0 0.1156504991892211 0.400183025208871 0.2313009983784422 0.2688613824329643
0 0.3635213888013653 0.4041515780980708 0.2606683133099551 0.2635663873758801
2 0.612958327112968 0.4018064639910762 0.20872398376465034 0.2395903765014653
1 0.8717702654245707 0.399843351861248 0.2482228603878557 0.266182051406325
2 0.11671102394928272 0.6591269436879401 0.2306262573036007 0.24204421444818677
3 0.37101274026406267 0.6468165805695287 0.2273921631477993 0.23566688045579803
4 0.6251235418061902 0.6454437174511174 0.23986488960884902 0.23461371642535306
0 0.8745332065788427 0.6446611033441227 0.23386035145940198 0.24842154844057554
0 0.12745010633725656 0.8896673364638467 0.2304353425309483 0.22066532707230663
1 0.37825862987620684 0.8930708621670093 0.244552389608849 0.21385827566598153
1 0.6222813652657103 0.8826592621287344 0.2591330868489054 0.23468147574253137
3 0.8725813741941639 0.8782894150562092 0.22952740746575628 0.24342116988758172