2 0.11073486540697904 0.14296875 0.21751872758291685 0.215625
3 0.36411443854524295 0.13203125 0.25723584422416684 0.24375
4 0.6110258061364234 0.13046875 0.22565853590354196 0.2296875
2 0.8610803575231945 0.128125 0.22885627108590328 0.2328125
0 0.11658547511437489 0.38203125 0.23317095022874978 0.2578125
0 0.36525413877399276 0.38515625 0.24775174145062523 0.2390625
2 0.6145819915475343 0.38046875 0.21639263867708358 0.234375
1 0.8732484767298955 0.37734375 0.23536084422416687 0.24375
2 0.11546553865961784 0.640625 0.23093107731923568 0.246875
3 0.3627421621410064 0.62734375 0.23986650626826406 0.2359375
4 0.6175023973233675 0.62421875 0.22678462480937522 0.2109375
0 0.8691012649145481 0.62265625 0.22398693313000032 0.225
0 0.11178397326296843 0.8828125 0.22356794652593687 0.2328125
1 0.36144719339180476 0.884375 0.25069490349472245 0.23125
1 0.6037983475521174 0.87734375 0.24633471181534733 0.2453125
3 0.8617745017124298 0.8703125 0.23394381458888916 0.25