3 0.11519675344870248 0.15634850744359807 0.23039350689740495 0.24954204342324346
0 0.3590364060383223 0.15769064536632355 0.2456687833553711 0.2561559164587727
2 0.6069792610812764 0.16375667059260196 0.2517550090451115 0.2533220148871962
4 0.8625265762101388 0.15921268155085672 0.22494684757972222 0.24739734656639661
2 0.1211645918139711 0.40004500351465666 0.2423291836279422 0.2675300641014079
2 0.3523482355278215 0.40485674379474706 0.28308689620024124 0.2563400070293135
1 0.6058417277259054 0.4096149801458958 0.217543783355371 0.2548459735308672
2 0.8446552442342486 0.4105568577295392 0.22050500904511167 0.2518665227450789
0 0.10815890151576657 0.6561858416039978 0.21631780303153314 0.26345899420903185
4 0.344469379241672 0.6597989549196175 0.23876368611433296 0.2433648180303493
4 0.6051988393275802 0.6609784270027428 0.24254378335537102 0.256010367244561
0 0.8519886301461831 0.6591591776219152 0.22272260628614973 0.26443929735218497
1 0.09988165479512691 0.8904987214639528 0.19976330959025382 0.21900255707209446
2 0.3447272495497741 0.8821490281217624 0.24739505766563052 0.23570194375647519
4 0.5931238059722093 0.8890700970831252 0.2503562833553712 0.22185980583374948
2 0.8403263545927283 0.8929753279551468 0.24073562188998174 0.21404934408970638