1 0.12734375 0.1296875 0.2359375 0.21171875
0 0.37265625 0.1234375 0.2328125 0.21640625
0 0.62734375 0.125 0.2234375 0.21875
0 0.6265625 0.37890625 0.228125 0.2234375
0 0.12421875 0.6296875 0.2328125 0.22109375
0 0.375 0.6234375 0.22109375 0.22578125
0 0.6390625 0.875 0.20703125 0.228125
0 0.87890625 0.8734375 0.1921875 0.23046875
3 0.878125 0.1234375 0.228125 0.22109375
3 0.8703125 0.62109375 0.22109375 0.2328125
4 0.121875 0.3765625 0.21640625 0.22109375
4 0.6265625 0.62578125 0.22578125 0.2234375
4 0.3796875 0.87578125 0.21875 0.2234375
2 0.875 0.378125 0.209375 0.228125
2 0.13515625 0.87734375 0.2359375 0.2328125
2 0.371875 0.3734375 0.23828125 0.21171875