3 0.17504961841898706 0.1152721060232262 0.2469742368379741 0.22934424403245304
0 0.4223338461864685 0.12986350672340646 0.24623019237293703 0.25276356269890765
2 0.6686557746795894 0.16162422609004132 0.2782986479078996 0.2765646893698165
4 0.8999280781303011 0.18233835745540347 0.20014384373939792 0.26484539202736235
2 0.1651562963639537 0.34631302068745357 0.25437007458692207 0.26222946936663494
2 0.4027753474524129 0.37484874271958846 0.28205856496827514 0.2500567333704529
1 0.6545660259455337 0.4066730967536324 0.22295638347992935 0.25717834269572587
2 0.8887363789446832 0.4321020001193127 0.2225272421106336 0.2572874306969986
0 0.1364683342903869 0.5982204186823629 0.23556551088459124 0.2604487933640895
4 0.38114591723001146 0.6276192067154522 0.24606650126594437 0.24807606269890758
4 0.6414212183184705 0.6564185580839961 0.2576042019915839 0.2653908320337258
0 0.8874703282999372 0.680366777450631 0.21988594718226045 0.258704480028635
1 0.130890490002835 0.8410255366804538 0.21201888347992953 0.2570510733609076
2 0.3690998181331361 0.8629505353477039 0.2642361479078998 0.27409892930459206
4 0.615039800709941 0.8807612933640895 0.27101193756361364 0.23847741327182098
2 0.8690378199472347 0.9073248880489977 0.2380158990890262 0.18535022390200454