1 0.12300085235736487 0.1457167824841376 0.24600170471472974 0.25393356496827524
0 0.35340748221731966 0.14067465153609685 0.2740711625298314 0.25760420199158374
0 0.6076048306457431 0.1432912531648609 0.25979033870851376 0.2524256286706061
0 0.604445481598147 0.39593510352768063 0.26803948635114877 0.2620734471822603
0 0.11641684656865121 0.6474702554422956 0.23283369313730243 0.25582344718226047
0 0.35046849524699825 0.6406027296663981 0.2651328101724665 0.26665181977759855
0 0.6118446811455904 0.8796156112474108 0.25107031017246656 0.2407687775051784
0 0.8513438287882256 0.8808557074338793 0.2289042117440431 0.23828858513224133
3 0.8595312036812726 0.1442635092401287 0.252812592637455 0.2365823738612826
3 0.8459094278358215 0.6383408914541138 0.24089478949430188 0.24864586424263582
4 0.10925722187823747 0.39396330952597963 0.21851444375647494 0.24072423683797411
4 0.6023220936754217 0.6431374857416657 0.2599358879227255 0.2555506286706061
4 0.3519966461994023 0.8865104354330289 0.23896841645877273 0.22697912913394233
2 0.8533196292407823 0.3952357321982867 0.23144701488719618 0.24675598202865068
2 0.11888897125906495 0.8831944459163161 0.2377779425181299 0.23361110816736783
2 0.34957604508038254 0.3909474700477511 0.2720720148871962 0.24817463828925296