1 0.1573766373473083 0.12401711463846721 0.2866282746946166 0.24688822334543534
0 0.4005821856876343 0.13704233254669507 0.28241437137526865 0.2529472223568522
0 0.6568797298787755 0.15838938642447808 0.26018417386477954 0.24736838441013065
0 0.6620570950302669 0.41172263345872856 0.285397661417225 0.2717608893530466
0 0.16961317636357937 0.6144046926993569 0.26558206888575775 0.2569343853987139
0 0.41545847262931296 0.6314316611018764 0.27926606058738807 0.2730687213682689
0 0.685112734876375 0.8859361358930056 0.25945046805592076 0.22812772821398894
0 0.9040669962750224 0.8988738290866539 0.19186600744995524 0.2022523418266921
3 0.8892284433613042 0.17994468733651156 0.2215431132773915 0.24660438045579797
3 0.8884692895291136 0.6758010153974012 0.22306142094177267 0.27112421939110265
4 0.15596046038225098 0.36228377718603727 0.2659372663962469 0.2616218853987139
4 0.6674237143309432 0.6572752139910761 0.28215426224706197 0.2700710553606577
4 0.4259861886106413 0.8759165249617251 0.26605566556640986 0.24816695007654985
2 0.8914915282191016 0.4335644358536368 0.2170169435617968 0.2643648834215474
2 0.18525444483441864 0.8619336087069682 0.2594504680559208 0.2582422174139364
2 0.40673005498831066 0.3826267465771399 0.2755723755244535 0.2448800543720746