3 0.13203125 0.1375 0.2140625 0.228125
0 0.37890625 0.1359375 0.2140625 0.228125
2 0.6265625 0.1390625 0.22109375 0.22578125
4 0.88203125 0.13046875 0.1921875 0.2234375
2 0.1390625 0.38125 0.209375 0.22578125
2 0.3765625 0.3828125 0.25 0.22109375
1 0.6296875 0.38515625 0.1875 0.2328125
2 0.86875 0.3828125 0.1875 0.22578125
0 0.128125 0.63671875 0.196875 0.2328125
4 0.3734375 0.6375 0.21171875 0.22109375
4 0.63359375 0.6359375 0.2046875 0.22109375
0 0.8796875 0.63125 0.1875 0.23828125
1 0.12109375 0.88203125 0.2046875 0.2234375
2 0.37734375 0.875 0.2046875 0.228125
4 0.6265625 0.8828125 0.21640625 0.22578125
2 0.8796875 0.88671875 0.209375 0.2140625