2 0.12031119357923606 0.06789654800821018 0.08157861474138897 0.08171360831306049
2 0.31978386350711796 0.09171636397040125 0.0751831443766667 0.07542724687674203
2 0.5204741945291665 0.09679072511213213 0.07990701196784719 0.07701701795398089
2 0.7192201658438193 0.11826224589478337 0.08477634992375016 0.08485678903121974
2 0.9142053575231944 0.13346104077973558 0.07529224715020817 0.08011474687674207
2 0.09986748774781226 0.274836894417414 0.07362064437666675 0.07541815651766245
2 0.3098600835874998 0.2830907977136226 0.07692748233256949 0.08324883723582169
2 0.5006844521286109 0.3092043667008758 0.09262521751493065 0.08646474082661779
2 0.6976140035153817 0.30800600194490757 0.08343205547083343 0.09422269867214013
2 0.9029009155594789 0.3170138841638773 0.08466724715020853 0.08016928903121982
2 0.8816941435236455 0.5231684353935414 0.0881559230620141 0.09581246974937904
2 0.686036804617812 0.5032775953290493 0.08165134992375016 0.0848386083130606
2 0.48789024534725656 0.48962311972593786 0.07358427678548622 0.07385565651766246
2 0.2865277670987496 0.4798567134046672 0.09255248233256949 0.0833397408266178
2 0.09045220089433988 0.47793462334017517 0.07845361474138897 0.0816954275949012
2 0.07117160477031195 0.6684732649289188 0.08641158510611117 0.08799087939029934
2 0.27376927469819384 0.6923112616092691 0.08815592306201392 0.09581246974937904
2 0.47380564228937444 0.6919123275714602 0.0800524823325695 0.0832670179539809
2 0.6755675108304855 0.7180895290722706 0.0850672906531944 0.09735678903121965
2 0.8708800108304855 0.7192258239572229 0.0850309230620141 0.09579428903121964
2 0.058885891055103445 0.8606153131335208 0.06257404160312505 0.07066702400410492
2 0.2559784433918048 0.8859839935570923 0.08335932028847229 0.09109769867214013
2 0.45488806886677013 0.9004242643397437 0.07514677678548623 0.0738647468767418
2 0.6577948633196867 0.910981011020094 0.07859908510611113 0.0879454275949012
2 0.8577039443417354 0.9160508269822849 0.07532861474138883 0.0816772468767418