2 0.07593999582364877 0.12101220928386876 0.07611112141421192 0.08126858883351806
2 0.2774479321213179 0.1323664211886312 0.08090774881887368 0.08469397748246603
2 0.4767113221398514 0.1240892535437443 0.08403274881887376 0.08489423658176473
2 0.6765749128840242 0.1329995858988574 0.0857043762235353 0.088119366131414
2 0.8715600306700392 0.13614077960502252 0.08430556733052796 0.09270673658176469
2 0.09335321823365259 0.32947555135658935 0.07934524881887364 0.08459384793281668
2 0.3020734538056823 0.3241429110095984 0.0778918762235354 0.08761871838316741
2 0.4950967675080132 0.3380714103912895 0.09686013103285873 0.0950702729789592
2 0.6894816845683887 0.3240251040974547 0.08296132213985138 0.09885660703211538
2 0.8935689838427493 0.3199545751015157 0.0905010036281972 0.09154475478036198
2 0.9101736744015876 0.5275866023994118 0.09729664065150559 0.10757027297895938
2 0.7126811155085802 0.5196077143687725 0.0826885036281972 0.09104410703211538
2 0.5146528432760615 0.5186100115633088 0.0728224303072194 0.07638082973421945
2 0.3144445121505356 0.5221496144333709 0.09513393992586625 0.09028264342931003
2 0.11995046768549841 0.5330709207272059 0.07611112141421192 0.08126858883351815
2 0.1351737075186974 0.7234653832502771 0.09228175843752048 0.09789488433001133
2 0.33980664381636655 0.7350198542543381 0.0908829495445131 0.10248225478036196
2 0.537316560876742 0.721173807059802 0.07945437622353531 0.08771884793281685
2 0.7412500927279074 0.7350219632890383 0.09099207694917481 0.10560725478036197
2 0.9341816371929447 0.7240005274455543 0.08775794954451328 0.10228199568106326
2 0.15753732475655807 0.9174354287467704 0.06662699400955026 0.07754281153562204
2 0.35672879290539267 0.9294206963270588 0.08759425843752044 0.09759449568106326
2 0.5563468469890767 0.9312997786821718 0.07923612141421188 0.08146884793281686
2 0.7581449599657681 0.9286415553617591 0.0780010036281972 0.0907437183831675
2 0.956654381835467 0.9210955729420472 0.08112600362819719 0.09094397748246622