2 0.1 0.0875 0.06953125 0.071875
2 0.30078125 0.1 0.0671875 0.06953125
2 0.5015625 0.09296875 0.06953125 0.0671875
2 0.7015625 0.103125 0.071875 0.071875
2 0.896875 0.10703125 0.06953125 0.0765625
2 0.0953125 0.2953125 0.06484375 0.06953125
2 0.30546875 0.29140625 0.0671875 0.0765625
2 0.49765625 0.30625 0.0796875 0.07421875
2 0.69453125 0.29375 0.0671875 0.084375
2 0.9 0.290625 0.07421875 0.071875
2 0.89453125 0.49765625 0.0796875 0.0890625
2 0.69765625 0.4890625 0.0671875 0.07421875
2 0.4984375 0.48671875 0.06484375 0.0671875
2 0.296875 0.4890625 0.084375 0.07421875
2 0.10078125 0.4984375 0.0671875 0.071875
2 0.09609375 0.6890625 0.0765625 0.08203125
2 0.3 0.7015625 0.07421875 0.084375
2 0.5 0.6890625 0.06953125 0.07421875
2 0.703125 0.70390625 0.07421875 0.0890625
2 0.8984375 0.69375 0.06953125 0.084375
2 0.0984375 0.88203125 0.05546875 0.0671875
2 0.296875 0.8953125 0.07421875 0.084375
2 0.496875 0.8984375 0.06953125 0.06953125
2 0.7 0.896875 0.06953125 0.08203125
2 0.9 0.890625 0.06484375 0.07421875