2 0.05234375 0.1286017229708328 0.0640625 0.07381020472226432
2 0.240625 0.10016258470173886 0.1453125 0.17740790339440443
2 0.39921875 0.10627116325515766 0.0546875 0.06125566256778665
2 0.55546875 0.0545808773471959 0.034375 0.0455124878997516
2 0.884375 0.05891735676093637 0.078125 0.0957670179539809
2 0.06328125 0.2761943404572754 0.0703125 0.06603406615858276
2 0.228125 0.25336030757437583 0.090625 0.0989647408266178
2 0.40078125 0.24063707289607805 0.0703125 0.07384656615858276
2 0.5796875 0.22397122678146184 0.11875 0.12569086729005097
2 0.7296875 0.2230985523098185 0.0578125 0.05971134328594587
2 0.87890625 0.21598042301771506 0.0640625 0.09099770472226432
2 0.05859375 0.4465341115345144 0.1171875 0.17568177693097126
2 0.2375 0.42049326541989807 0.1203125 0.11632495764913067
2 0.43359375 0.41466492535540606 0.11875 0.17100336729005097
2 0.58203125 0.4216138412428424 0.1234375 0.13040563836728988
2 0.7375 0.3722718505144204 0.05 0.059665891490547726
2 0.9203125 0.37120827850210514 0.1484375 0.16023858411256367
2 0.0984375 0.6056773073779841 0.10625 0.10686814441741391
2 0.25859375 0.5891205455723233 0.084375 0.08486587939029935
2 0.41484375 0.5983677596643615 0.059375 0.06597043364502539
2 0.57734375 0.5739848623200812 0.059375 0.08159543364502539
2 0.71796875 0.5606667300029157 0.1 0.15995678298109545
2 0.90859375 0.5564327061952022 0.08125 0.08953519867214013
2 0.07734375 0.7815812772255589 0.1234375 0.1585306383672899
2 0.2546875 0.7649245214700223 0.0546875 0.07063066256778665
2 0.4484375 0.7481723169441497 0.1484375 0.17898858411256366
2 0.5921875 0.7348360039088249 0.109375 0.1100113251355733
2 0.76015625 0.7315150403077659 0.0921875 0.10053633118569749
2 0.9390625 0.7242241941931498 0.09375 0.10367042154477701
2 0.9453125 0.8757503327568312 0.109375 0.13188632513557294
2 0.80390625 0.8859480102535366 0.1453125 0.18834540339440445
2 0.63203125 0.9033541997522946 0.134375 0.17421927088084743
2 0.43203125 0.9185802657144857 0.0625 0.06911361436318479
2 0.29609375 0.9201523769544124 0.1296875 0.12731699980360817
2 0.11015625 0.922796629684887 0.0609375 0.07379202400410492