2 0.05637793257149618 0.10907580891472853 0.0717471963664577 0.07920544108527147
2 0.24709852742074517 0.08139209747139141 0.1415173045516262 0.16278419494278282
2 0.4038906613596689 0.07903454889257923 0.061351830305381404 0.06610466378737556
2 0.5654019883310705 0.023658287324657832 0.03651132697140156 0.047316574649315664
2 0.8928414621182732 0.03493934145902436 0.08577774545807201 0.06987868291804872
2 0.04972983559621533 0.25716285549095586 0.07904951333591956 0.07345608883351815
2 0.2166302931725607 0.2309241232281279 0.09371779121570664 0.10081962523071261
2 0.38979672620309885 0.21360980799187787 0.07279951333591957 0.07305557063492074
2 0.5702495007489061 0.19271990978220593 0.1238835233378591 0.12762195712440044
2 0.7198668634760024 0.18779497301587111 0.05940669303247788 0.061317034237726234
2 0.8691493863548198 0.17745135102436094 0.07158769970043757 0.09629281153562212
2 0.046126216660201114 0.42817626233850115 0.09225243332040223 0.18427247532299768
2 0.2068891471056654 0.39786129935400455 0.13494856909549374 0.12988536397194564
2 0.40285535134803085 0.3868575408730147 0.14735271637033698 0.1866360117201923
2 0.5494274624081373 0.3906765484311539 0.12726361485312837 0.13094721622369904
2 0.7099662207430871 0.3376447786913971 0.05315669303247787 0.060916516039128954
2 0.8892073105913662 0.3315986304817252 0.17002494182452993 0.17876295496493205
2 0.05137208392922539 0.5860795974713915 0.10274416785845078 0.10973355027685514
2 0.20795795528113556 0.565660068632336 0.08957242515463033 0.08811936613141409
2 0.36215124770479024 0.5713221784422285 0.0597893303053814 0.06600453423772627
2 0.5276167510387701 0.5436210757290498 0.06587983363936126 0.08349242288667433
2 0.6689432527057602 0.5260156662606109 0.09999948424818435 0.15873225478036196
2 0.8592493883116739 0.5177061112033938 0.0803249709122646 0.08908108883351815
2 0.03730185407803676 0.7612192998154299 0.07460370815607352 0.17041023442229636
2 0.18345280754725035 0.7420921607050566 0.05704696757828502 0.07049177513842757
2 0.3786855592142403 0.7210322817737161 0.16128767061270252 0.1859746776670363
2 0.5231370608812302 0.7032266132059786 0.10816292848861017 0.10640829117755643
2 0.6907869464871439 0.6963689366186765 0.09177265394280312 0.09603199568106327
2 0.8696931964871439 0.6849041031838292 0.09878792848861018 0.10580751387966067
2 0.8595374622389595 0.8378789088593553 0.11983375212603206 0.13513406847545256
2 0.7161860749660558 0.8517282626522682 0.1412302621279716 0.1877979935215947
2 0.5421108461778832 0.8706551426633429 0.15660017061270254 0.18567428901808825
2 0.34297184451089324 0.8919653454688067 0.06460437606301594 0.06786742288667398
2 0.20663573178379685 0.8960391810631222 0.14158120636839736 0.13497338217054278
2 0.025615312862330104 0.9032670974713914 0.05123062572466021 0.07225453423772628