2 0.0796875 0.0984375 0.06015625 0.06953125
2 0.26875 0.084375 0.12265625 0.15859375
2 0.4265625 0.10234375 0.05078125 0.0578125
2 0.5859375 0.0625 0.02890625 0.04296875
2 0.9140625 0.0921875 0.06953125 0.08671875
2 0.0796875 0.246875 0.06484375 0.06015625
2 0.24609375 0.23671875 0.0796875 0.0890625
2 0.41875 0.23671875 0.06484375 0.0671875
2 0.5984375 0.23359375 0.103125 0.1109375
2 0.7484375 0.24375 0.053125 0.05546875
2 0.89765625 0.2484375 0.0578125 0.08671875
2 0.06171875 0.4171875 0.0984375 0.16328125
2 0.24375 0.40390625 0.11328125 0.1078125
2 0.43984375 0.4125 0.1078125 0.16328125
2 0.58671875 0.43125 0.1078125 0.115625
2 0.7453125 0.39375 0.04296875 0.053125
2 0.928125 0.40625 0.13671875 0.14921875
2 0.0921875 0.578125 0.09609375 0.09609375
2 0.253125 0.5734375 0.07421875 0.07421875
2 0.4078125 0.59453125 0.05078125 0.0578125
2 0.571875 0.5828125 0.05078125 0.07421875
2 0.71328125 0.5796875 0.0796875 0.14921875
2 0.903125 0.58984375 0.06953125 0.0796875
2 0.05859375 0.7515625 0.1109375 0.14921875
2 0.23671875 0.7484375 0.0484375 0.06484375
2 0.43125 0.746875 0.13203125 0.16328125
2 0.575 0.74375 0.09375 0.09375
2 0.74296875 0.753125 0.0796875 0.08671875
2 0.921875 0.759375 0.084375 0.09609375
2 0.91875 0.9125 0.09375 0.115625
2 0.7765625 0.91328125 0.11796875 0.1734375
2 0.603125 0.915625 0.12265625 0.165625
2 0.403125 0.915625 0.05546875 0.0625
2 0.2671875 0.90625 0.11796875 0.11328125
2 0.08125 0.8953125 0.05078125 0.06484375