2 0.128125 0.37734375 0.19453125 0.2140625
2 0.38515625 0.11953125 0.2015625 0.2359375
2 0.8765625 0.13046875 0.18515625 0.2140625
2 0.61875 0.378125 0.19453125 0.23046875
2 0.8734375 0.37109375 0.18515625 0.2015625
1 0.6234375 0.1203125 0.19453125 0.22578125
1 0.375 0.39140625 0.178125 0.2234375
2 0.8703125 0.63671875 0.19921875 0.2234375
4 0.3828125 0.88359375 0.178125 0.2046875
2 0.12421875 0.88203125 0.2015625 0.2234375
1 0.63125 0.88125 0.19453125 0.21171875
0 0.878125 0.88203125 0.18515625 0.2140625
0 0.13359375 0.1390625 0.2046875 0.228125
0 0.38203125 0.6296875 0.1703125 0.18984375
3 0.1265625 0.63671875 0.19921875 0.2140625
0 0.6265625 0.62109375 0.19453125 0.2015625