2 0.13203125 0.38203125 0.2015625 0.2140625
2 0.37109375 0.6359375 0.1921875 0.23046875
2 0.11875 0.8734375 0.22109375 0.21640625
0 0.634375 0.38359375 0.1875 0.1828125
0 0.884375 0.13125 0.18046875 0.18515625
0 0.6296875 0.13203125 0.18046875 0.2015625
2 0.625 0.878125 0.18515625 0.20703125
2 0.36875 0.1203125 0.19921875 0.18515625
4 0.63125 0.6359375 0.21640625 0.19921875
4 0.8859375 0.88515625 0.22578125 0.2234375
3 0.1234375 0.140625 0.19921875 0.21875
4 0.3859375 0.88359375 0.196875 0.2046875
4 0.121875 0.63046875 0.23046875 0.2359375
3 0.865625 0.6296875 0.18515625 0.23046875
3 0.3734375 0.38046875 0.15859375 0.2140625
3 0.8921875 0.3734375 0.18046875 0.20703125