2 0.664933360470021 0.11956167142395646 0.23168817051050078 0.23912334284791292
2 0.901310194482076 0.1165543352897738 0.1973796110358478 0.2331086705795476
2 0.17255110866099874 0.10039122378183825 0.2232272173219975 0.2007824475636765
2 0.895443054047586 0.3689076657991856 0.20911389190482801 0.25973115514950224
2 0.8950651354018783 0.6162530351698021 0.20986972919624342 0.24340524830195703
2 0.38167147613996644 0.851128396825396 0.2551256705105008 0.26239508019564467
4 0.6595752323600028 0.35045326419342765 0.2552075576656305 0.26395758019564486
4 0.4155706840781681 0.5855744455610916 0.22470118611433296 0.2464301187523077
4 0.4230235786965297 0.35385407619047515 0.2455050090451115 0.25710680289774884
3 0.17327920624072105 0.32988085980989257 0.26474633197589004 0.2676833574935407
3 0.6382457027342181 0.855850965457732 0.2439491530976463 0.22741930289774892
1 0.6619820166198851 0.6207354858157975 0.2814358649925769 0.288997152990034
0 0.8901357513547371 0.8459801079641913 0.21204405585660807 0.21291671190476222
3 0.14167059588224162 0.8335856531469175 0.20833255766563058 0.26095369370616517
2 0.14994900610443546 0.5877026542266516 0.2517483649925768 0.2870946915466968
3 0.42394319029820454 0.11914361890919119 0.23851138059640906 0.23828723781838237