1 0.10170282183466701 0.17142607749732894 0.20340564366933403 0.2102728450053421
1 0.8426902861208522 0.09272812550574516 0.2333694277582957 0.18545625101149033
4 0.1218252179429283 0.6695535534507118 0.22125125730360065 0.24039685462398896
4 0.6373543551161452 0.34392600463968737 0.21798988960884885 0.23247522721932726
4 0.8953603551194405 0.8158728933922765 0.18342397483619663 0.2203373257680486
4 0.4198421578793841 0.8621477589008567 0.20584444561520332 0.2523512176006804
2 0.35312322565027077 0.12196175771973031 0.1947433043815013 0.24259427168436445
2 0.5916226639618735 0.10729907355264579 0.19290806899199797 0.21459814710529157
0 0.3858776298729116 0.39252722886378977 0.19449784253094826 0.2285317716843644
0 0.8651481185088258 0.31020573595054785 0.19740465421934558 0.21614089908902612
3 0.12702478125288338 0.41640127159954643 0.19570578652459386 0.20827383538669525
3 0.3895581887219351 0.6289731603521355 0.2181808043815013 0.24341272721932725
3 0.622684334419864 0.602874418704838 0.19918534253094827 0.22869546279135697
3 0.8864019610430696 0.5686804348620887 0.1959785219140972 0.22389883538669525
3 0.6544626197299371 0.8399007035512284 0.2273921631477993 0.23436510943331257
3 0.17332566802565383 0.8949602920179665 0.22531146590774287 0.20462304573098145