2 0.15175738444731174 0.6294395712532296 0.2284910504177419 0.2530806369509051
2 0.8879775024714579 0.10641787168696837 0.22404499505708414 0.21283574337393674
4 0.6522534970714315 0.34044720851790167 0.24529654844057552 0.24480706199704755
4 0.9042298325466952 0.8351334430970816 0.19154033490660965 0.23020434145441157
4 0.16124376688027606 0.8622520712532296 0.24816688045579802 0.23875732109634598
1 0.4089186270329379 0.577711880786267 0.20228137749004843 0.2217910641565158
0 0.1411263601898429 0.11863247918050905 0.20897704646340923 0.2331290823551131
3 0.39112636018984287 0.10929765075673643 0.2151633794672149 0.21859530151347287
3 0.15199882908665394 0.3662386644056844 0.2503660504177419 0.2544824506459955
3 0.4241894358536368 0.8563678069121436 0.24590404349765968 0.221469691546697
1 0.6418585306460785 0.11026176858619345 0.19022704646340927 0.2205235371723869
3 0.6634429368422199 0.8457354858157975 0.24835788144438115 0.24344482109634633
3 0.40641441505620907 0.36246761258766974 0.2396832184025195 0.2600315437984502
4 0.6562220499606314 0.5916289767164989 0.22817271543676992 0.24526813695090494
2 0.8971674311020952 0.5729140453488349 0.20566513779580972 0.20983128469915152
3 0.8909904031746205 0.3191579896733089 0.21801919365075903 0.23160615514950225