2 0.14007993466145002 0.339429543832065 0.24660581330995504 0.2615823738612827
2 0.3469576314977647 0.609379912166234 0.24060127516050817 0.27542661905195925
2 0.09534413311932248 0.8277033593484944 0.19068826623864496 0.24459328130301117
0 0.6391389975676633 0.3758754090861911 0.22251374837514692 0.2232639183263198
0 0.9055663871765123 0.14170870709460734 0.1864671542193456 0.21575895317271013
0 0.6646101505691929 0.12435754910472455 0.2133296631477993 0.23387403611233468
2 0.569664879876207 0.8670658934770945 0.21486488960884884 0.23236609981466572
2 0.4074794890429514 0.10062125957623784 0.22235010714144482 0.20124251915247568
4 0.6050740945661337 0.6276933694304774 0.2461694366867498 0.2365823738612825
4 0.8211319224898807 0.8637498874018267 0.26779897483619663 0.22328376569391467
3 0.16126300811767486 0.11486110816736801 0.2430989837646503 0.22972221633473602
4 0.3309160255741358 0.8574453899337154 0.24334444561520333 0.25366074645662096
4 0.11712545008272553 0.5856150630693586 0.23425090016545105 0.27876987386128266
3 0.8383541988682047 0.6375048459320144 0.22483990746575627 0.2670684820286507
3 0.38029583157719493 0.3544642336731132 0.19159103084255094 0.2409226442797027
3 0.8904151254086846 0.3834969030109233 0.2088058043815014 0.24308534500534212