2 0.16852102171162173 0.12201004984470823 0.23704204342324348 0.23819576294241812
2 0.8933048519430802 0.4664892359987743 0.21339029611383964 0.2772582629424182
2 0.6581829509906761 0.43101665465462224 0.24354890860089 0.2775312787274336
3 0.8961857952852703 0.2169897649379695 0.2076284094294593 0.2668822050640277
3 0.63824736413968 0.9026145787133162 0.21978176881613756 0.19477084257336763
1 0.6469715849844601 0.6921515757295446 0.2085531703877141 0.22874516823232477
1 0.8812929652586996 0.9078774733387049 0.23741406948260071 0.18424505332259003
3 0.4276605812649157 0.14879017065139927 0.22407116252983136 0.2608142155873715
1 0.4119607684018529 0.3971975785721419 0.24362168320799568 0.2790937787274336
0 0.3999124944139195 0.6403637496470642 0.23798811331561964 0.2585082629424182
0 0.38768228390822157 0.8681118696324475 0.26891278163641913 0.26377626073510496
0 0.16343122311658256 0.3640232445971538 0.23588195781510163 0.28020125241907434
0 0.8930501987166192 0.7129169149662044 0.2138996025667616 0.22322321032569975
3 0.6793515138537389 0.18292776514973103 0.24794531017246654 0.2715542945124492
3 0.15670614991443754 0.6043829340879275 0.23293674028009032 0.25042274715740265
0 0.14711078783716297 0.8500293630553575 0.22712338792272546 0.25943372611071497