2 0.1382435159720396 0.11821167370575818 0.22209217801396455 0.23642334741151635
2 0.5959330037249776 0.34719164533126035 0.20407588382282338 0.22967063140062188
2 0.5618923196877285 0.8477453821770808 0.20601689212119326 0.2142276419239657
2 0.33425718483921985 0.6082179635212329 0.2498386697155947 0.2587812787274336
4 0.3801825622377732 0.09962587908742823 0.20409919461070408 0.19925175817485646
4 0.36399684210725997 0.3389219319512018 0.20251338382282338 0.22957962613895005
4 0.8386011427226711 0.5936215113703897 0.21536858133331266 0.23499516823232475
4 0.8592142537249776 0.3318572587395538 0.22715818631233411 0.22634821032569957
0 0.6396284172167951 0.09685094763033661 0.21191169461070397 0.19370189526067322
1 0.5814990377436493 0.5992623795462448 0.21382939212119306 0.21468266823232476
1 0.29907301097444017 0.8467190213996233 0.23099358133331238 0.23590522084904322
3 0.11524003339397171 0.3370765238186976 0.22126338382282335 0.23067168927901224
3 0.08815241005596784 0.6072826080054472 0.17630482011193568 0.22240416297065302
3 0.08659972021914861 0.8488330711737444 0.17319944043829721 0.25401818401734033
3 0.8882192825687791 0.1084608872269911 0.19770748465266053 0.2169217744539822
3 0.8031326263264242 0.8461395666179442 0.17116829544054113 0.20597552616718495