1 0.64765625 0.8916815989163652 0.246875 0.2166368021672696
1 0.57890625 0.17408523411930446 0.2484375 0.26861046484472173
2 0.89140625 0.6709566914711557 0.2171875 0.2955639441095368
2 0.8875 0.8878081071162957 0.225 0.22438378576740875
2 0.4171875 0.8950861990105089 0.2375 0.20982760197898215
2 0.86328125 0.41849607280948914 0.2578125 0.2725556710652771
2 0.625 0.4328054147037025 0.2625 0.2870282741755551
3 0.83984375 0.18050805725810024 0.2578125 0.23661817106527733
3 0.40078125 0.6741263159287493 0.2671875 0.29993837728583284
3 0.10703125 0.17030152101800905 0.2140625 0.28122804203601814
3 0.35390625 0.17080653482597152 0.2546875 0.28634476899175876
3 0.38125 0.4216363029692586 0.2296875 0.24978255240361058
0 0.13125 0.4310141370877775 0.23125 0.2561692534403699
4 0.15 0.6834357995288886 0.2265625 0.27294665033009213
4 0.16015625 0.8931150129594908 0.2421875 0.21376997408101844