0 0.63671875 0.4169627657153739 0.2359375 0.25923996042459246
2 0.378125 0.6526291915414 0.209375 0.2484728787873868
2 0.63125 0.6698011606724197 0.228125 0.2494555246489437
1 0.62109375 0.8987683285271876 0.1734375 0.2024633429456248
1 0.8734375 0.9157433452048732 0.1875 0.16851330959025362
2 0.134375 0.8820422953411586 0.2 0.22610655585660808
2 0.13125 0.13734727103089914 0.1421875 0.21838923111680741
2 0.3765625 0.1627035543862702 0.1890625 0.21928334577069997
1 0.63359375 0.17539274140511435 0.1953125 0.214923394391219
4 0.14140625 0.38553578753924256 0.2046875 0.22322721732199743
3 0.375 0.4001216672311404 0.1765625 0.21237824852966192
3 0.8796875 0.44297746833805035 0.184375 0.2159126843053107
3 0.13046875 0.6271500774533343 0.1984375 0.2416496687014785
3 0.37578125 0.8963078522158494 0.16875 0.20738429556830126
3 0.896875 0.19465947704447756 0.171875 0.21838258706427274
3 0.88828125 0.687959097691264 0.178125 0.22183513568479168