2 0.6795569886694262 0.8682968433483179 0.244769592433353 0.24611488960884884
0 0.4073337521260319 0.12119752110661364 0.2191318636451804 0.2378660129856435
1 0.9165803038027202 0.8794353461909867 0.16683939239455975 0.21429214529089186
1 0.1880240954774688 0.6069612918028949 0.23488440940281485 0.23970124837514692
2 0.1723680471347604 0.35766072118604386 0.22888950091808394 0.2427171542193456
3 0.8989874927280663 0.13286430925935588 0.20202501454386734 0.2159091923687925
3 0.6532999563683973 0.11533943872193511 0.20261404334173855 0.2266557775961401
3 0.6689240538027201 0.38341728287773646 0.20978881455356593 0.21897964529089187
3 0.8950568927329154 0.3909222711099089 0.2098862145341691 0.21642738960884894
3 0.9139180762224954 0.6501063563372564 0.17216384755500905 0.23183420129724616
3 0.41787096320553496 0.6240731051161453 0.2453117263722767 0.23364216314779931
3 0.17405641669899444 0.8575613096598025 0.22541381455356588 0.21925238068039513
1 0.16615077167086928 0.11128237337679456 0.23230154334173853 0.22256474675358912
2 0.42149107334755753 0.37130661526241504 0.241644592433353 0.24606034253094827
0 0.43964946579060893 0.871702081577195 0.24040108576539332 0.21171261606989872
2 0.6979411004784386 0.6238786416440345 0.2509239975841039 0.22593875730360083