2 0.3947723522701809 0.376393061386043 0.2572978514594021 0.2420078760343621
2 0.6520081538123085 0.3911026407542687 0.24956717207625304 0.24660446936663477
2 0.377046478890091 0.8799155876829993 0.24641489853730275 0.24016882463400152
2 0.13166224634325677 0.606877803349772 0.2336967102257 0.2323601560311804
2 0.14682973011120234 0.35710507001909003 0.2258842102257 0.23226924936345306
1 0.6579233685055306 0.1482520694223141 0.2512387662320544 0.2528726507001803
1 0.8891324581971052 0.4056304067870399 0.22173508360578964 0.2401362933640895
1 0.6225089833543179 0.8895641286998621 0.23989216314779932 0.22087174260027567
0 0.879553870123793 0.8919271547183157 0.21017738960884885 0.21614569056336846
0 0.4144909683433748 0.11886237205599744 0.21790806899199797 0.22280334269572594
0 0.8925829663147798 0.17131904145444896 0.21483406737044036 0.23375902402927137
3 0.15998074634655204 0.1260550646880899 0.22308649269310407 0.25098288669636226
3 0.37642532142433466 0.623004432049634 0.19754102191409723 0.21944198535963508
3 0.6302185231286179 0.6642310580839961 0.2400830779204517 0.24024538136536222
3 0.8717202305149442 0.6725088241167674 0.21053194561520314 0.2477124360279987
3 0.11745329057848834 0.8668158773472268 0.20817851298564355 0.20238175469445352