1 0.128125 0.12862325262089366 0.25625 0.25684598704319
1 0.3540711878118137 0.3934622123661877 0.24838434757972233 0.25261956199704744
1 0.1164532979989213 0.3672852344222964 0.2329065959978426 0.26093270974529403
3 0.6307443097017955 0.16975910625692303 0.24682184757972223 0.25251943244739816
3 0.8728499225466656 0.1868416864525678 0.2531537347348518 0.2544824506459954
3 0.5927397829051451 0.6705706346345531 0.21442542740790566 0.22864184145441174
3 0.8641079291053864 0.44339207510151574 0.24246854025277606 0.22888167334809956
3 0.37922275327936034 0.15285699876338232 0.22371189620024126 0.25726748920265835
2 0.8406450163968018 0.6966474830287952 0.2264341044771271 0.2200678778516064
1 0.6089291061746079 0.4364459585086764 0.25973792740790563 0.2315455983942421
0 0.0867658401185201 0.894528854872647 0.1735316802370402 0.2087904164082694
2 0.3519886301461831 0.642600619213733 0.21985655585660827 0.21341735965300898
3 0.3242100316619497 0.8883888776208936 0.23440373473485207 0.22322224475821278
3 0.5676324830414308 0.9022586165928393 0.2213305246489437 0.19548276681432136
4 0.8436217729555224 0.922107646511629 0.21705910447712712 0.1557847069767419
0 0.11691642582602606 0.6427358173957183 0.23383285165205211 0.25109663479143657