1 0.11328125 0.13828125 0.2015625 0.2015625
1 0.6453125 0.1328125 0.20703125 0.21171875
1 0.13125 0.3796875 0.16796875 0.20703125
1 0.6296875 0.384375 0.1875 0.18984375
0 0.38125 0.13125 0.17578125 0.19453125
0 0.38828125 0.38515625 0.2015625 0.2015625
0 0.88125 0.3734375 0.13671875 0.15625
4 0.8890625 0.14453125 0.16328125 0.2046875
4 0.378125 0.62265625 0.19921875 0.2046875
4 0.39140625 0.88515625 0.1828125 0.2015625
4 0.6421875 0.6234375 0.17578125 0.196875
4 0.646875 0.878125 0.16796875 0.196875
4 0.12890625 0.6375 0.1921875 0.19453125
2 0.88046875 0.63125 0.1703125 0.19453125
2 0.12578125 0.8796875 0.1828125 0.20703125
3 0.8796875 0.88203125 0.165625 0.2046875