2 0.13230908002921765 0.3855173130702777 0.24661213828925294 0.26646537385944463
2 0.6350794159640671 0.36365069871013833 0.2274256286706061 0.25352896276527803
2 0.4181920494439966 0.6235933156357288 0.21901292794496657 0.23615962480937522
2 0.9192907248570744 0.834375547115277 0.16141855028585111 0.22155161094166687
2 0.15063252721147805 0.6415491075231944 0.23625499164729752 0.23812216831236127
4 0.40711810707105967 0.3736478670224997 0.22128475607526782 0.2565084924005558
4 0.6599157579741843 0.6046750890027426 0.273120074586922 0.2655211229095141
4 0.6195535865678217 0.10673573679788173 0.24848217313564333 0.21347147359576346
3 0.37266122840045357 0.12631473252319433 0.2321131286706061 0.25262946504638867
3 0.8660020006329722 0.11376437395635383 0.20387900126594438 0.22752874791270766
3 0.6868329551564447 0.8605068617041661 0.22882443756361362 0.24887783035645833
1 0.8877951881965856 0.34604039893888816 0.1967014183263199 0.22315047853284736
1 0.9016170968194406 0.5909346716403118 0.19676580636111893 0.23779485999173638
1 0.17555071477509152 0.8849172478157985 0.22499010943331238 0.22849259517409734
1 0.42682303809606925 0.8931427494313191 0.21932046279135697 0.2002584924005557
3 0.1304563702330856 0.15334059270555545 0.21701391832631978 0.2236232572181946