3 0.15172124582364876 0.12586849244186085 0.20273316351699638 0.22501619370616516
3 0.6516766058051153 0.17895363355481894 0.20407740870767305 0.21886632325581448
3 0.8986607332097769 0.19789910239941166 0.18420141832631956 0.23006463911037328
3 0.8968663374748708 0.448329898975639 0.2062673250502584 0.2601922301033596
3 0.1539386096029484 0.8813477344222964 0.16863098202865068 0.2306258436138801
3 0.390684608337004 0.6517555737172398 0.18678078130301118 0.214639898209672
3 0.4001142051564447 0.8883487060446663 0.20656749164729754 0.22330258791066732
4 0.399251010251619 0.16043896128645357 0.20440479092165803 0.22824132325581442
4 0.6516493570710596 0.42371542103174764 0.1788045901960187 0.20945175046142542
1 0.1558730987183572 0.6242361412698416 0.19459328130301126 0.2151405459579184
1 0.9045660259455337 0.9242511374123303 0.1908679481089326 0.15149772517533933
2 0.14865084264308942 0.3727737708194909 0.2190674916472975 0.24632998920265833
2 0.8968849568009072 0.7071541864525678 0.2062300863981857 0.239979859653009
2 0.4061731659640671 0.40330758173680425 0.19810022721932724 0.2262783050572171
2 0.6521131816579817 0.6825397085086764 0.21221729092165803 0.2287419710040611
3 0.6443552784774225 0.9154245978543749 0.1970635168750409 0.16915080429125026