0 0.11258623119538151 0.17286315727678295 0.22344482633910112 0.2863513145535659
3 0.5965831464765031 0.17262236502230616 0.26504129295300627 0.26948255000969834
3 0.838293273356965 0.17598570745565914 0.25158654671392994 0.2356496839486221
3 0.45381222024181483 0.894993119854098 0.2661946159934022 0.2100137602918039
3 0.6977297048024086 0.8863192347072264 0.2624618622324785 0.2273615305855472
2 0.339293483702664 0.16954606501260783 0.21316054420664754 0.25433604000775867
2 0.12932641646825588 0.4267534318225902 0.24155832884638362 0.2660068636451804
2 0.9157663701500371 0.8870043741061618 0.16846725969992563 0.22599125178767637
1 0.16798706584775286 0.6839918469752808 0.25580268527287436 0.2734047754638912
1 0.41009199782192196 0.674137712287451 0.23489915188677948 0.25143418061464223
1 0.3747836689755383 0.4249668886500294 0.20319451082055268 0.23325826546195144
2 0.9041989012599589 0.6683962191245888 0.19160219748008203 0.25395340273485517
4 0.6689668926490724 0.678122808054784 0.24601850831327016 0.25857700091808394
4 0.8789978355435547 0.4069167141236189 0.24200432891289053 0.24894690940281486
4 0.6380278150563301 0.4183971216902659 0.26205268527287445 0.2739149584944293
3 0.20284075362790968 0.9061860981832289 0.20876254922121246 0.1876278036335421