3 0.14296875 0.134375 0.2046875 0.228125
3 0.634375 0.1265625 0.21875 0.21171875
3 0.390625 0.1359375 0.21171875 0.22109375
3 0.88203125 0.1296875 0.2046875 0.18984375
3 0.9 0.38203125 0.19921875 0.2140625
2 0.634375 0.634375 0.19921875 0.19921875
2 0.634375 0.3578125 0.22109375 0.21640625
2 0.13671875 0.378125 0.1828125 0.21875
2 0.365625 0.865625 0.1875 0.21171875
1 0.89296875 0.63125 0.1734375 0.209375
1 0.13125 0.634375 0.21875 0.21171875
1 0.1296875 0.8796875 0.1875 0.21875
3 0.9015625 0.8875 0.19453125 0.19921875
3 0.6484375 0.88515625 0.19921875 0.2234375
3 0.3765625 0.6203125 0.196875 0.21171875
1 0.3875 0.3734375 0.21171875 0.20703125