2 0.128125 0.64375 0.19453125 0.21640625
2 0.88203125 0.1359375 0.2015625 0.21640625
4 0.634375 0.37890625 0.23046875 0.2234375
4 0.88671875 0.89140625 0.1921875 0.2171875
4 0.13203125 0.8765625 0.2234375 0.20703125
1 0.3859375 0.6046875 0.18515625 0.19921875
0 0.1296875 0.13359375 0.18046875 0.2046875
3 0.3796875 0.1296875 0.196875 0.209375
3 0.134375 0.38125 0.228125 0.22578125
3 0.3953125 0.8828125 0.228125 0.196875
1 0.6296875 0.14296875 0.15859375 0.2046875
3 0.63515625 0.89140625 0.2140625 0.2171875
3 0.38828125 0.3890625 0.2015625 0.22109375
4 0.6328125 0.6296875 0.19453125 0.209375
2 0.8890625 0.6234375 0.22109375 0.18984375
3 0.88125 0.36875 0.21640625 0.20703125