3 0.1396458860280543 0.1258590389330239 0.2675832279438914 0.25146354781181846
3 0.11861209400147625 0.36253688231716563 0.2372241880029525 0.2528624213483853
2 0.3786583212532297 0.1280311138722054 0.21618141424880086 0.22929765632127067
2 0.8763751280084898 0.15437298359814325 0.24404559839424209 0.24976469242562419
2 0.8536037523163518 0.4121491221618248 0.23775602559985282 0.22473742134838534
2 0.5639698419250623 0.8929243399662962 0.21235550740125575 0.2141513200674076
4 0.8059070180509391 0.8994268578711792 0.2535417119047622 0.20114628425764175
4 0.3562874637596889 0.3795572524358869 0.23875732109634615 0.24036242134838534
4 0.5792593846437784 0.6442338725546083 0.24414572794389144 0.25132719242562407
0 0.6156123989848643 0.38184750204310347 0.23366930289774893 0.23408515027114643
0 0.631913729180509 0.13966454722264326 0.2676833574935408 0.2530260478118185
0 0.8341972085179016 0.6418093510845859 0.22571710055371028 0.20748628883482817
0 0.08748739898486428 0.8717709817514315 0.17497479796972856 0.23093287919390768
3 0.33762259716684956 0.6342311168972674 0.23825667334809958 0.23254992134838534
1 0.10952009138058261 0.6187050690854491 0.21904018276116521 0.2467578670936593
0 0.32356488742155554 0.877990207256347 0.23971904379845022 0.23099651170746469