2 0.1227476744716433 0.1507090480082102 0.20602378278470385 0.23087833703942992
2 0.6185879361791082 0.37858614665690915 0.1872010599120669 0.2182692527304745
2 0.6605548059050461 0.8780321556338997 0.19651242739850955 0.20738629488495236
2 0.3951196616840239 0.6405583849494443 0.220104463502863 0.2340851502711466
4 0.36323177390590927 0.1278902133064713 0.1902169756031114 0.19953743344863373
4 0.3841811199223296 0.37175384279496654 0.19191583098930573 0.22298402380771343
4 0.9004702370159888 0.6231866161117006 0.19660333098930566 0.22301129488495236
4 0.8817646470496927 0.3621491221618248 0.1996192466803503 0.20427947560311138
0 0.6233380269309713 0.12081000809322766 0.18860902380771344 0.19171584308955417
1 0.6427077339909267 0.6302804568635636 0.19491356596219092 0.20112720452587265
1 0.3965059414436656 0.8788396349494443 0.20908515027114644 0.21995901775758925
3 0.1334044151018694 0.3710760901626879 0.2028169695529872 0.2167976563212707
3 0.12872704722264325 0.6413522287263694 0.21538969242562417 0.22937037919390768
3 0.15746162216182477 0.8798329457452738 0.2060874152982611 0.24033410850945244
3 0.8757454094445286 0.13321560108458594 0.17622719847574828 0.2119556202169172
3 0.9027195800073471 0.8755349112912404 0.16367265632127043 0.20250789734428026