2 0.6328125 0.38671875 0.209375 0.2046875
2 0.384375 0.1359375 0.1875 0.20703125
2 0.1328125 0.6265625 0.18515625 0.18515625
4 0.8921875 0.3984375 0.19921875 0.21640625
4 0.1390625 0.875 0.1875 0.196875
4 0.13125 0.14140625 0.18515625 0.2015625
2 0.1359375 0.37578125 0.19921875 0.2015625
4 0.3859375 0.6234375 0.196875 0.19921875
4 0.634375 0.63046875 0.18984375 0.1921875
0 0.878125 0.646875 0.21640625 0.16328125
1 0.39375 0.8734375 0.209375 0.22578125
3 0.3953125 0.3765625 0.15859375 0.19921875
3 0.87578125 0.1390625 0.1609375 0.196875
3 0.87734375 0.8890625 0.1828125 0.21171875
3 0.634375 0.8796875 0.21171875 0.23046875
0 0.63046875 0.11875 0.2015625 0.21171875