3 0.10741558599533993 0.14647677408676524 0.21483117199067986 0.2457263145535659
3 0.10325857572262406 0.39591879363160265 0.20651715144524813 0.2587684484924896
3 0.5826900717623209 0.8352222148240334 0.21020748465266034 0.23300317394668218
4 0.3432027804941867 0.12260961301696047 0.19879638797200821 0.22586035364324064
4 0.09420456036367343 0.8844233131764401 0.18840912072734686 0.22503117728066221
4 0.84794117654085 0.5418238037542286 0.21499007303494294 0.2551332654619515
2 0.5836744151422026 0.1009016461272384 0.23362167386477956 0.2018032922544768
2 0.08835914729606324 0.6501598834798819 0.17671829459212648 0.22665757909743328
2 0.34091696885789147 0.8495230572573863 0.2208848755244536 0.2509559484924896
2 0.5845335624382659 0.34981074437081033 0.22164189212119306 0.21996104000775868
4 0.5946385777856056 0.5648299664910232 0.20985228714217125 0.22831567394668237
0 0.33902015289514065 0.35199422407706693 0.2225890854824973 0.2324610400077587
0 0.8450855118228547 0.08364283680416332 0.2341185813333123 0.16728567360832663
0 0.8451643317342977 0.27108074011874655 0.24337518216314927 0.24036913485700762
1 0.3528295860839753 0.6000970131667417 0.21884877884380147 0.24457840273485515
1 0.8374018051655814 0.7833735749660559 0.21105958963168234 0.223755719704317