2 0.12051423181476968 0.13294051279992644 0.21373399011264288 0.2314664528054638
2 0.1668147034900807 0.40578652991878955 0.20035990496334904 0.21816541640826922
2 0.6585980119041694 0.409302467607975 0.22198353268728982 0.2382171005537103
2 0.7065366652780346 0.9109571433508682 0.20461036238870206 0.17808571329826356
4 0.9121034751939938 0.42186752852528836 0.17579304961201245 0.20456399136212672
4 0.1769702255337088 0.628873576495017 0.2062164210548924 0.25742817550756775
0 0.3932633169640635 0.16286305443890833 0.1822654688253194 0.22633886181247737
0 0.6277640031020931 0.16855755166113118 0.2300145539746133 0.241842748301957
1 0.40416723801895593 0.40777503624031103 0.21373399011264294 0.23146645280546388
1 0.45155423433578507 0.8852387021871551 0.19846962303236387 0.21337778685862005
0 0.9133322934570025 0.6774666864525678 0.17333541308599507 0.200577398209672
3 0.19728735141606424 0.8860550208194911 0.18985944753799594 0.22371450956072395
3 0.429603552637231 0.638063313538207 0.19407705397461328 0.23953976866002263
3 0.6719003132808927 0.6551458937338518 0.20635853268728982 0.23721580505721712
3 0.9277959441453639 0.9120113544850508 0.1444081117092722 0.17597729102989845
3 0.8845221014929388 0.18112261257844448 0.2271409262506726 0.22299261875230764