1 0.1296875 0.12890625 0.21875 0.2359375
1 0.1265625 0.371875 0.178125 0.23046875
1 0.8921875 0.1328125 0.21171875 0.21171875
2 0.36796875 0.378125 0.2234375 0.21171875
4 0.88359375 0.3875 0.2015625 0.21875
1 0.3734375 0.8765625 0.21171875 0.22109375
0 0.62734375 0.1328125 0.1734375 0.21875
4 0.88125 0.634375 0.1875 0.22578125
1 0.13125 0.8796875 0.18515625 0.21171875
3 0.62734375 0.62578125 0.1921875 0.2140625
3 0.6296875 0.8859375 0.19921875 0.21640625
0 0.8859375 0.884375 0.20703125 0.19921875
3 0.1265625 0.628125 0.18515625 0.19921875
3 0.37265625 0.634375 0.2015625 0.20703125
2 0.37578125 0.13125 0.2046875 0.22578125