3 0.10893849038135314 0.1516492908368401 0.21787698076270628 0.26857641832631984
3 0.8466071267716895 0.10679062550574517 0.25053574645662097 0.21358125101149034
3 0.12412190301092334 0.8922271616180797 0.2305853450053421 0.21249010943331256
4 0.866602135124392 0.3216516674388936 0.24530260943331256 0.23173118275429
4 0.6163739566312711 0.3592608279606651 0.22466272721932726 0.22164685462398898
4 0.6090525630693586 0.10836182114798407 0.2235367368379741 0.21672364229596813
4 0.3753396626295702 0.8709696873939775 0.23302086424263582 0.23754467313564334
4 0.1180529854023937 0.6638119849390576 0.22800598202865063 0.2280059820286507
2 0.3613044775978454 0.6248858610777749 0.2599653101589518 0.2494097560752678
3 0.36333083530187726 0.11996274810108346 0.23463792794496668 0.23916173683797406
3 0.11463415771580569 0.3978695264088698 0.22926831543161139 0.25149804573098156
0 0.3604414151614589 0.38146324329176 0.23458336424263582 0.2375992368379741
0 0.871016783495628 0.5750941259690814 0.2238095553496283 0.241904790921658
1 0.8754041500156985 0.829317834499269 0.19702880054030486 0.23472720798203356
3 0.6189632101746503 0.5979413820443491 0.2653621382892529 0.2698859471822603
3 0.6291467089087058 0.842599117616379 0.24984626569391466 0.2724653101589517