1 0.14728379465362357 0.09993979434509233 0.23519258930724712 0.1946849492933329
1 0.8825772815700311 0.22248023525060018 0.2348454368599377 0.27376685655064764
1 0.8859059498729431 0.47213848265870195 0.22818810025411373 0.27757536173444386
1 0.4030736651779659 0.674956792601666 0.2312177208490434 0.23320064514629593
1 0.6590961520237862 0.693469512630184 0.23092929451244917 0.25493894410953677
1 0.15410773123121269 0.37724458812453676 0.2311113050357929 0.2580639441095366
4 0.6669974702137588 0.9045185705468978 0.21686679451244917 0.1909628589062045
4 0.4225572254754306 0.8966049618285877 0.2319457629424182 0.20679007634282448
1 0.40777876280124375 0.40876515607953634 0.22992823663405879 0.2377514441095366
4 0.4081071735645838 0.1608450659287492 0.21292274715740261 0.2393727327051848
4 0.6401685156438413 0.20835221885073954 0.20997975768074628 0.24222433063166626
3 0.6503302838479312 0.43620381677722103 0.20740078925077726 0.2513259285581476
3 0.9032200654179622 0.923911702450879 0.19355986916407558 0.15217659509824202
1 0.16273709151456 0.6321665339774997 0.23441831555913661 0.2614623461830551
2 0.17044869390539957 0.8823583054429861 0.21917274715740254 0.23528338911402785
2 0.8946312615917066 0.7125878254013872 0.2107374768165869 0.2393139441095366