1 0.10023924499903017 0.16967835101621437 0.20047848999806034 0.24814329796757123
1 0.6025514309045062 0.11430104615361639 0.257269592433353 0.22860209230723277
1 0.09677186870649324 0.40895379968343093 0.19354373741298647 0.23215458511458992
1 0.588266563925346 0.3554337137774183 0.24518418061464226 0.2347172954602888
0 0.33754831317644 0.13280752216983077 0.21603881455356594 0.2213989415410805
0 0.34663717331846255 0.38428745414399984 0.23829645182646947 0.226722939033798
0 0.8409450248356712 0.31534695671778923 0.17885780788560623 0.18602373119538154
4 0.8460941368138617 0.1038641682506225 0.2203117263722767 0.207728336501245
4 0.33740646815801323 0.6214919374509524 0.2537619551604494 0.24431961599340218
4 0.3526177825424012 0.8743525129986306 0.24036913485700762 0.23301840314042083
4 0.6024733587648967 0.5919562354850306 0.22617908909937298 0.23104672618081654
4 0.6083734460281021 0.844308345672445 0.22668927212991113 0.2372967261808167
4 0.10464060514105271 0.6653940162973361 0.20928121028210542 0.23310933135366607
2 0.8418387477047901 0.5717417092250717 0.21122376879593147 0.21970004922121245
2 0.10035210468201075 0.8929961790711751 0.2007042093640215 0.2108251543940618
3 0.8354939264832646 0.8213325322654675 0.20988440940281486 0.24148412100796718