0 0.1390625 0.375 0.19453125 0.21171875
0 0.8859375 0.88671875 0.21875 0.2015625
0 0.390625 0.375 0.21640625 0.21171875
1 0.3796875 0.61875 0.21640625 0.228125
1 0.1390625 0.13046875 0.178125 0.2015625
0 0.878125 0.12734375 0.20703125 0.2234375
1 0.38359375 0.1234375 0.2046875 0.20703125
1 0.1375 0.6171875 0.21875 0.22578125
2 0.6359375 0.646875 0.20703125 0.22109375
1 0.62109375 0.1140625 0.1828125 0.20703125
3 0.640625 0.36875 0.1875 0.21171875
3 0.88125 0.384375 0.22109375 0.209375
3 0.13671875 0.8734375 0.1921875 0.240625
4 0.8859375 0.63359375 0.19453125 0.1921875
4 0.6359375 0.8796875 0.18984375 0.22109375
1 0.37734375 0.875 0.2140625 0.21875