1 0.14884041332595024 0.1153113543020711 0.25544417334809955 0.2306227086041422
1 0.11454005475267537 0.34370731534184523 0.2125953392949434 0.24874896590774281
1 0.8897867859357692 0.14366544156460417 0.21481917334809958 0.23474101298564354
2 0.35288186150793555 0.36295832711296805 0.25544417334809955 0.23545012499835227
4 0.8601844193429299 0.3985847666456821 0.24238296884459273 0.2508296631477993
1 0.29208434994462673 0.8611191375835492 0.24823245064599542 0.24468875730360082
0 0.6431818962070871 0.13158204748823304 0.2136571915466968 0.24096373944669316
4 0.8287389504983371 0.6457325020351854 0.23809598704319015 0.25699784253094826
1 0.08193830583240953 0.8512840361208521 0.16387661166481907 0.2411819277582957
3 0.5773161528423756 0.6235883153451406 0.2388574506459955 0.24452511606989874
3 0.545420101024361 0.877767300734644 0.2346310255998528 0.2272830689919978
0 0.7995068237264651 0.8826967138857384 0.24905447100406092 0.20880580438150104
3 0.09477647093023192 0.5994897110397741 0.18955294186046384 0.22232283360249455
3 0.32322943014027156 0.618658902194046 0.25125732109634613 0.24318080438150141
2 0.3935521360280543 0.12251810795551905 0.2503957279438914 0.2450362159110381