1 0.15351286589795501 0.11310590681774098 0.28672426820408997 0.22621181363548196
1 0.36179028455380285 0.3296887893795388 0.2596913313441521 0.266899683948622
1 0.12655203562216572 0.32184356484342996 0.25310407124433143 0.28380014152496746
3 0.6551817817112054 0.10960709536863403 0.26134483660582397 0.21921419073726806
3 0.8751834685711433 0.11471749362190431 0.24690290500755802 0.22943498724380862
3 0.5791850979762138 0.5887456986131758 0.20594470506402782 0.22519067394668238
3 0.8571791082877958 0.3413454426941221 0.2517878260824801 0.2646994551604493
3 0.4054015895895958 0.10937551575181555 0.2266968208208084 0.2187510315036311
2 0.8244675058969563 0.5959372189069192 0.25253127872743375 0.25076450091808394
1 0.6131028845961553 0.35349385376392684 0.2743152734657617 0.25098764152496733
0 0.0773319845679203 0.8512758443902071 0.1546639691358406 0.2318233112195859
2 0.34102494531714295 0.5794177224100769 0.24582625241907435 0.2424418178875456
3 0.2945315639871082 0.8436873875627677 0.2426858418674959 0.26862168061464226
3 0.5352552745245693 0.835700318008232 0.24637228398910552 0.25181681788754595
4 0.8075097061228353 0.8336923104221883 0.23775614718563745 0.21068163485700744
0 0.1122746739175197 0.5990437936316027 0.2245493478350394 0.2581624127367947