2 0.11974196970630598 0.13880343671876347 0.22737167386477966 0.24969470506402774
2 0.8507389028951406 0.433267212321251 0.23156226639624683 0.2639392155873715
2 0.6007389028951406 0.4187063704537552 0.22147687137526867 0.25401818401734033
3 0.860366969706306 0.18193993075121992 0.2016612788438014 0.23886362087727817
3 0.5645437230070763 0.9064599155309019 0.1931383838228234 0.18708016893819632
1 0.5807886427226711 0.6819876204537552 0.2064904888018452 0.2204776419239657
1 0.8166273638788697 0.8982595496329466 0.2403452705454317 0.20348090073410674
3 0.380016618876469 0.15239331278712637 0.2283188672260838 0.26219470506402776
1 0.3545267537249776 0.40593554174043894 0.23132546805592077 0.2608142155873715
0 0.33431638442430134 0.6519382864787671 0.22822377884380146 0.24041071032569955
0 0.31367996263411413 0.8794739393495995 0.2567990647365729 0.24105212130080106
0 0.10663370538465156 0.3946362077654509 0.19576647635429056 0.2431870998305908
0 0.8304101344243013 0.6808324570595792 0.205069698759889 0.20172764192396553
3 0.6307386692913874 0.16778090728545814 0.21068108133331248 0.23472215244730926
3 0.09981778816785651 0.6370057182887946 0.19963557633571302 0.22883617349399668
0 0.08823890289514064 0.8829413026167184 0.17647780579028127 0.23411739476656307