2 0.6487426118803831 0.4223496285602442 0.24083336424263582 0.24188868611433315
2 0.3952901965492882 0.15406553878243795 0.21566967313564317 0.235890991632257
2 0.15213053982534977 0.6271500774533343 0.21183534500534212 0.21541471732199752
4 0.8940005150609425 0.4505000412688288 0.21199896987811506 0.2538154760284247
4 0.16314991849595586 0.875710408186029 0.21054566351699638 0.2231453301668676
4 0.14221976025161903 0.14236231965141816 0.20111609981466555 0.22109150723608922
2 0.15118556560124738 0.376778263228983 0.2215922909216581 0.22684354025277598
4 0.40528282167651514 0.6411970465843541 0.21350697241000383 0.21862160447712728
4 0.6541295494439966 0.6659358542499847 0.21183534500534212 0.21541471732199752
0 0.8931337188242157 0.699022750450226 0.2137325623515686 0.18021420171816516
1 0.4179465459006176 0.8805002671299411 0.24466769237293687 0.23899946574011785
3 0.4107515385594054 0.3958402809805219 0.1872172909216582 0.22504202283992142
3 0.8871056743167696 0.19153779907074492 0.17907740870767305 0.21525758706427273
3 0.9007416877332496 0.9140989580497433 0.19335816351699647 0.1718020839005135
3 0.6581176781146028 0.894802324173974 0.22860618275429018 0.21039535165205195
0 0.6409474369306413 0.1544627657153739 0.22024804573098145 0.23301165309764627