2 0.13125 0.128125 0.228125 0.22109375
2 0.1359375 0.384375 0.18046875 0.209375
2 0.128125 0.62109375 0.18046875 0.2015625
2 0.390625 0.13828125 0.19453125 0.2015625
3 0.38125 0.378125 0.196875 0.209375
3 0.3921875 0.6234375 0.21875 0.20703125
3 0.6421875 0.38359375 0.21171875 0.1921875
3 0.6390625 0.128125 0.18515625 0.20703125
3 0.64296875 0.628125 0.1734375 0.196875
3 0.8765625 0.6359375 0.19453125 0.19453125
2 0.6265625 0.8953125 0.21171875 0.19921875
2 0.8796875 0.8828125 0.21171875 0.21640625
0 0.1296875 0.88828125 0.21171875 0.2046875
4 0.8859375 0.3875 0.19453125 0.20703125
0 0.384375 0.89375 0.18984375 0.19453125
0 0.8765625 0.134375 0.209375 0.20703125