3 0.11849208357259673 0.14262086852879094 0.2134176923729369 0.26192168927901227
2 0.6083804735911302 0.10311214103207064 0.195029790921658 0.20622428206414128
2 0.6909301781146027 0.8428002769436438 0.20574903611233458 0.22093266823232477
0 0.42719506032858784 0.8675551661661862 0.2342014183263199 0.2319457629424182
0 0.40084085833700406 0.6060562240445766 0.20127979092165801 0.22690965244730918
0 0.898278787293461 0.309110003477882 0.203442425413078 0.21504668927901224
1 0.6437004478152325 0.34218562691540894 0.19928078130301116 0.21431864718563745
1 0.6558458168671917 0.5778956137612293 0.21221729092165803 0.22754668927901225
4 0.8646205499073328 0.08344547667541252 0.21674109981466572 0.16689095335082504
4 0.16459582349061375 0.6558265238186977 0.20396828130301126 0.21459166297065302
4 0.92478675670824 0.8086171798144761 0.15042648658352 0.23684609456891897
3 0.14834330779669908 0.392173547496221 0.22008435462398895 0.22956421558737147
3 0.3508953558051153 0.11734233453968543 0.1996081635169964 0.22369364718563745
3 0.38842267077339054 0.36253373719875626 0.23323911905195924 0.24904225768074628
3 0.18885924662625694 0.8798709685711433 0.24212304573098153 0.23552578925077725
3 0.9016170968194406 0.5565842429545382 0.19676580636111893 0.2390302208490432