4 0.12542160753439582 0.14604939135104464 0.2031151094333124 0.2257101666931806
4 0.3701165155242786 0.39040101738540667 0.2256795901960187 0.20098288669636233
1 0.36394839419488473 0.14179079471672495 0.1976637176006804 0.20378062269254427
1 0.8698809025475871 0.38058495345317633 0.20122522721932726 0.2163169853596351
2 0.6199082175158624 0.1307009427514052 0.23000499164729754 0.23539424936345316
2 0.09992182201262433 0.8939454493356136 0.19984364402524865 0.2121091013287728
3 0.8711805408368403 0.11955654678544907 0.2021875264936881 0.19914766669318057
3 0.10939727033360205 0.38111473468331736 0.19125002649368783 0.19902039735836255
3 0.1164012053653268 0.628171548018772 0.20396828130301126 0.20541584802672616
3 0.6074081512816428 0.6229429867520416 0.16581351687504106 0.1862294960216353
3 0.8532836133552095 0.878250294119949 0.19077880054030488 0.230252216024817
3 0.6077255766947207 0.8824270747533142 0.19335816351699647 0.21466357869190808
3 0.35158473721649225 0.6301265887173614 0.19135915389834954 0.20214539735836254
3 0.34724194448073564 0.8887748827179976 0.22951391832631982 0.22133174936345307
2 0.6186631429289403 0.39016684941913243 0.20925598202865067 0.22265789202736244