3 0.14083085537461132 0.11546936397995547 0.2187177208490433 0.2164624360279987
3 0.379483831697088 0.1197188699475024 0.19729774715740261 0.2240203973583625
3 0.6329273501129394 0.11130474391314035 0.18297764192396554 0.1926249466899989
3 0.07995260299083048 0.8650153779837734 0.15990520598166097 0.22383858402290785
3 0.09314888743875259 0.625834699315728 0.1853745998305908 0.18016130935708966
3 0.34118456903701855 0.6432472766152296 0.19124516823232493 0.20052835335772629
4 0.8838073106504005 0.12009629921232375 0.18903022084904322 0.21611699069063528
4 0.11138076087627953 0.36642333664863724 0.1882111734939967 0.2020544906906352
3 0.5910480611445108 0.6426820132479585 0.19170019454068415 0.2083408533577261
2 0.35541148193708444 0.3721717079487751 0.2152286998023559 0.2101760733609078
2 0.312826537678749 0.8754512492839114 0.1793976156156063 0.18477608402290818
1 0.5676204534919994 0.8974695105824584 0.20485264192396552 0.1928794853596351
4 0.8030420140012258 0.8767735605506417 0.17801712613894977 0.18788290268936264
1 0.8377333453453778 0.6296622032145509 0.17524073663405879 0.22064085868872638
0 0.855927421427858 0.38430424988068734 0.20788663666229362 0.19135334802672607
0 0.619109960890397 0.3753490625795949 0.20859926820408994 0.23039766669318054