3 0.1589289766621408 0.13014106826055968 0.2633920466757184 0.25482182082080845
3 0.6489959962069782 0.17516847305635622 0.2800374127367947 0.26823187343752697
3 0.4058837249951509 0.15315915223554777 0.2542721381909875 0.25740078925077736
3 0.8856191513577292 0.20935927546131322 0.2200885857653933 0.21964318401734034
3 0.863521784378569 0.46083077019964136 0.22550940940281486 0.24795019454068398
2 0.5724511478545715 0.6801521046687397 0.2349163603112004 0.22983723137238704
2 0.6137767469558841 0.4046816678088018 0.26495454667571855 0.25491282608248034
2 0.11881415969267892 0.36163399196631796 0.23762831938535783 0.2628317418957307
2 0.2707936976950919 0.875307897044463 0.22994181788754578 0.24509821032569973
1 0.8290519631570433 0.7100117228445948 0.2256369551604493 0.24951269454068417
1 0.09973775885433478 0.6157376630412401 0.19947551770866956 0.24177578925077742
1 0.07562304271351873 0.8584866051628499 0.15124608542703746 0.25447321032569975
3 0.7982173249660558 0.9246400391096031 0.228443219704317 0.1507199217807937
3 0.5474678969364876 0.8974643471291678 0.2519443636451804 0.20507130574166438
3 0.3188158358860794 0.6331959917545564 0.23775431788754578 0.24555323663405879
1 0.3670292927135187 0.38874033646464967 0.24792654334173853 0.23681527346576176