2 0.14388387604435474 0.5969608375304093 0.25001322334543535 0.27014082493918146
2 0.6574503330409867 0.3900184075978169 0.26012305239490824 0.24989195745273882
2 0.8958125308932242 0.41279633568369756 0.20837493821355152 0.2512726502711464
2 0.6283185203403171 0.8832735039088249 0.22798171444818677 0.2278351502711466
2 0.16614360623551022 0.10842103317748726 0.21353721247102042 0.21684206635497452
2 0.15251082364944651 0.3484142532214538 0.24437071840251945 0.24667605386194263
2 0.41303319368794006 0.12728868696467516 0.25106638737588016 0.2545773739293503
2 0.38712051737456765 0.870610919207086 0.24185321345960364 0.22322946350286302
2 0.8977663379467214 0.16275088388829945 0.20446732410655705 0.24963742739850953
1 0.8940178913302128 0.6597213326586354 0.2119642173395743 0.23102378278470379
1 0.6507678874130611 0.6479309015476927 0.23324221741393636 0.24192492134838534
1 0.39743866307904274 0.3759024072050335 0.2417258794672148 0.220104463502863
4 0.6621710306460784 0.14149454918656057 0.2443707184025195 0.24667605386194266
4 0.8883965855124446 0.9004963235834491 0.22320682897511085 0.19035333098930565
2 0.3975327994663398 0.6275239945390509 0.21423754942915868 0.23556583703942985
3 0.14072567843926298 0.845475605582586 0.22134971247102042 0.2184237888348278