3 0.16126676795177092 0.11945835682220214 0.20690853590354186 0.2355523697543259
2 0.6517833183886113 0.16261760424841268 0.19411759517409735 0.22268865690134443
2 0.6325210121552785 0.9011379173261858 0.21275849240055572 0.1977241653476284
0 0.3705476890170146 0.8890476112099464 0.22395056553881965 0.2219047775801073
0 0.3790998457427783 0.623115868896396 0.20836193313000012 0.23091033386094856
0 0.9043816415268751 0.43558505746797566 0.19123671694624989 0.20577394154108042
1 0.653750434364271 0.41484769398185595 0.20487325721819474 0.21519440564770315
1 0.6342055730413547 0.648495268275893 0.2160653303564585 0.2264501543940618
4 0.9051420948897568 0.1716362177345324 0.18971581022048625 0.2180466210079671
4 0.1386384999030908 0.6231456464765032 0.19684255167111128 0.20559208511458973
4 0.8951119311332298 0.9089086163891136 0.2063266544446531 0.18218276722177293
3 0.15751056078916698 0.36059182218246605 0.2015300516711113 0.2057284774344578
3 0.3942247383164932 0.13248250870898162 0.19237325721819457 0.21483069279472172
3 0.398462869109792 0.381655794602359 0.23692334422416686 0.25047868778015675
3 0.13470045478458406 0.856466611836767 0.23528810904180575 0.24730822367353406
3 0.8914842108654168 0.6818235599752581 0.2170315782691663 0.23131951082055266