1 0.11694355913900918 0.15293092742685208 0.22196069892376147 0.22171634099925885
1 0.8637971344080688 0.07748470221453777 0.23355317038771412 0.15496940442907553
4 0.1581274088057777 0.6497963655041207 0.2231250926374552 0.24671634099925885
4 0.665757856491194 0.3151440697449087 0.21153262117350238 0.23169693374194403
4 0.9267595727856056 0.7834184502347703 0.14648085442878872 0.21347461404351814
4 0.46188391728283307 0.8389403205933805 0.21313366252983137 0.26607193374194404
2 0.3740090423897862 0.11055820824680582 0.19358314185166686 0.22111641649361163
2 0.6128532185684685 0.09395310471229215 0.1975428957806084 0.1879062094245843
0 0.4148695986333112 0.3684712871815285 0.19776121960192583 0.23671662441111074
0 0.8930459485094767 0.27721696837805726 0.19041960049533807 0.21273232026407368
3 0.15653055975818173 0.39656405876518547 0.21294957195929073 0.22870863477870335
3 0.42585856430629565 0.6044087871815286 0.21531259263745514 0.24603283581546265
3 0.6582344166636606 0.5746653327043993 0.20237594499482014 0.2355642275213885
3 0.9097999740475959 0.535937857492085 0.18040005190480812 0.23570092855814764
3 0.6974939315508568 0.8112672140427328 0.23071926881613755 0.24271234618305507
3 0.21666346256810334 0.8792207338829634 0.22650264970954978 0.21900144410953643