2 0.11111465940862689 0.16037869062384616 0.22050168276559184 0.2886176187523077
2 0.3392025554894186 0.12742588949796946 0.26843907759274244 0.2548517789959389
3 0.37313024076229295 0.36900750925618214 0.22280832884638357 0.2606928778516064
3 0.5997308785298145 0.10983037322812786 0.252586757059629 0.21966074645625572
3 0.19078102282823955 0.8808425825119965 0.23913201082055266 0.23210680289774857
3 0.17083928120801678 0.6527874336840158 0.2137515775927424 0.2710296005537103
0 0.8397875771970309 0.0822386944813575 0.2295751543940618 0.164477388962715
0 0.8678827996169239 0.29112262724252275 0.24463786473976085 0.2605321915466968
0 0.9213260483632826 0.7775619725544457 0.15734790327343476 0.25516476866002263
0 0.13553095236163318 0.40771476557770364 0.2226264724198929 0.2544428778516064
1 0.4185493555020539 0.6118668352897738 0.2195924006331383 0.2573676187523077
4 0.6750805003292044 0.5782080243724604 0.2521321159934022 0.2500953392949434
3 0.4507781484550602 0.8587022624953846 0.2441377595669115 0.24334469154669697
3 0.6349482791629527 0.3287482449150962 0.2381150801000249 0.2507566733480995
2 0.6999370624825406 0.8137752845514934 0.24927990063313815 0.2592700801956447