2 0.10902033593484943 0.15310281847545248 0.21804067186969886 0.26558063695090495
2 0.3493501808553735 0.15314809299557125 0.24406749164729752 0.24793206199704748
3 0.35373754737544405 0.4086866941675904 0.22424606496827523 0.2606928778516064
3 0.6120411538135315 0.16450110733665718 0.23841769237293703 0.26471904379845024
3 0.11311254737544403 0.8862576750461425 0.22622509475088806 0.22748464990771494
3 0.1212697546396874 0.6529619185677376 0.20727681977759865 0.2658414528054639
0 0.8532390726880056 0.16351480798265264 0.20602185462398878 0.22990395280546377
0 0.8528843755057451 0.42031552050572396 0.23480161905195943 0.2504562846991515
0 0.872442841122691 0.8937521090347001 0.20371531015895172 0.21249578193059976
0 0.11429310145912805 0.40430437307124434 0.21276292794496668 0.2443669710040611
1 0.37089773240716883 0.6572138317368041 0.20495042794496668 0.24386632325581453
4 0.628846641662996 0.6698289574289422 0.26487106496827517 0.26329624614248887
3 0.37372259892723936 0.8989904646040978 0.22159229092165802 0.20201907079180437
3 0.6181274295894292 0.4162335880583258 0.25560519237293705 0.26582046884459276
2 0.6260217089087059 0.890319222314508 0.24272324645662097 0.219361555370984