2 0.11122040535486263 0.16752195303441747 0.20901356269890764 0.25433604000775867
2 0.6107749626829992 0.17005534547746878 0.2011101560311804 0.245885811219586
2 0.12800101471990663 0.4022636148531283 0.22770901869827126 0.25117908909937314
2 0.917572044716725 0.9024858528943346 0.16485591056654983 0.19502829421133078
3 0.3655624600174992 0.15862441152884674 0.2373385573679075 0.27381936364518034
3 0.8457039460136813 0.16971973200146634 0.22265789202736244 0.2195464518264695
3 0.3942436327179976 0.4099476665298166 0.20567038669636234 0.23533094849248962
3 0.9076146947008166 0.6784089479127614 0.18477061059836686 0.2184304909161444
3 0.4212281347867218 0.8963005283388291 0.24019083736472577 0.2073989433223417
0 0.18463665412153984 0.8977358693950561 0.23212379869508962 0.20452826120988768
0 0.8923265967138615 0.4201660132152334 0.21346470536281678 0.2344061772806622
1 0.13803218475490503 0.6606500707624837 0.19604084802672603 0.21269067394668256
1 0.39490889341976876 0.6683500978933647 0.20534312269254426 0.2072059484924896
4 0.6554576841183583 0.903538621146635 0.20098288669636233 0.19292275770673015
4 0.6508498107494962 0.6627051021454285 0.21664424936345306 0.23934876879593148
4 0.6371760200509067 0.42665603184198686 0.21057606269890758 0.25446358576539313