2 0.10165442948845131 0.6467321424768057 0.20330885897690262 0.2265300516711113
2 0.8756998591817904 0.15646700522142437 0.21814649420903187 0.22671188962701408
4 0.6167271577768296 0.39367149201930607 0.24172954342324343 0.23038240349472244
4 0.8444923612532141 0.8989901991819099 0.21026121960192584 0.2020196016361801
4 0.10798785856261786 0.8796355614547571 0.21597571712523572 0.2305642414506252
1 0.3577737270500332 0.6136702950215975 0.2098973465663966 0.2171550516711113
0 0.1234652710924492 0.1366122600679862 0.21026121960192587 0.2249675516711113
3 0.37364720761021386 0.13852482465687532 0.22625009263745516 0.23314372758291685
3 0.12208470761021384 0.38437761284152794 0.24416941522042768 0.24942334422416684
3 0.35419484698519055 0.8920135005686809 0.23729460049533807 0.2021846683123613
1 0.623028623449814 0.15762488924576443 0.1851156703877141 0.22126067021222234
3 0.593039023163873 0.8935552039315627 0.2386045434232436 0.21288959213687447
3 0.3701603728306415 0.3980998464083684 0.22156259263745523 0.23303462480937523
4 0.6034843333363394 0.6444163744281255 0.2067723465663967 0.21708231648875015
2 0.8569368190683159 0.6432766741993758 0.2376584735308672 0.2099971683123613
3 0.8640751927230177 0.3892613214258341 0.24812509263745497 0.23365287385944472