2 0.134375 0.13671875 0.196875 0.2234375
2 0.62109375 0.37890625 0.1703125 0.2046875
2 0.6421875 0.8796875 0.17578125 0.1875
2 0.38671875 0.634375 0.2015625 0.21640625
4 0.37578125 0.12109375 0.1734375 0.1828125
4 0.38671875 0.365625 0.1703125 0.20703125
4 0.8921875 0.63203125 0.17578125 0.2046875
4 0.884375 0.3703125 0.18984375 0.19453125
0 0.6359375 0.121875 0.178125 0.18046875
1 0.634375 0.63125 0.178125 0.18515625
1 0.378125 0.87265625 0.18984375 0.2015625
3 0.1359375 0.3578125 0.18515625 0.19921875
3 0.1203125 0.62734375 0.18515625 0.2015625
3 0.13984375 0.86875 0.1734375 0.21875
3 0.8875 0.14140625 0.16328125 0.2015625
3 0.884375 0.88359375 0.14921875 0.1921875