0 0.12476206184950205 0.1499893455329393 0.2482139292169281 0.2749786910658786
3 0.6197093916776855 0.15122028328904902 0.251918783355371 0.2564470148871962
3 0.8623096494796016 0.15550548469400988 0.2558692989592032 0.2426028387085138
3 0.45411968622587473 0.8901798519430801 0.26220118611433313 0.21964029611383964
3 0.6988589761399664 0.886327163770431 0.24591444482076028 0.227345672459138
2 0.3609076017635938 0.1500771985094767 0.20241675033868417 0.2338785020669146
2 0.14033058740295695 0.4024422574435981 0.2521644448207603 0.2611345148871962
2 0.9184622314554918 0.8857814121155465 0.16307553708901637 0.2284371757689069
1 0.17407258084423627 0.6596383273359743 0.22889736318355453 0.23355317038771412
1 0.417703072137809 0.653840053348041 0.2337486374938141 0.23689649420903186
1 0.38909895804974337 0.4054560572769824 0.19518410447712728 0.21483740363849116
2 0.91162133197589 0.6570701387467859 0.17675733604821992 0.2336601782455972
4 0.6769142978275495 0.6627956381276132 0.2515912347348522 0.2501970148871962
4 0.8835467020010788 0.396295304586386 0.23290659599784255 0.24885283870851377
4 0.6539869736535755 0.4037652404849781 0.26622694482076026 0.26178948635114896
3 0.20230820273421807 0.8949871683207995 0.2158241530976463 0.210025663358401