2 0.4122531750330566 0.38398099954288945 0.2788907191310198 0.2639483893530466
2 0.6695677080497433 0.4147348869187697 0.25479812188998174 0.2504933844101306
2 0.3949936697175313 0.8795999404750449 0.2598131705105008 0.24080011904991033
2 0.14900398179417595 0.5969943582126765 0.24838434757972233 0.24711371642535304
2 0.16328673055098053 0.3488897806460784 0.24706750904511154 0.25173754942915866
1 0.6756251990046318 0.17331139087310238 0.24854812188998174 0.2502387164253531
1 0.8917448439616777 0.44384801984602557 0.2165103120766446 0.2625477154367699
1 0.6394397105361342 0.8963642999234503 0.2509361374938141 0.20727140015309936
0 0.8900439823600028 0.9064634945999736 0.21991203527999445 0.18707301080005295
0 0.4311005930571666 0.13372367296487447 0.25282618611433316 0.24261721741393627
0 0.8950601944820761 0.2121987718231919 0.2098796110358478 0.2602212114824372
3 0.17731717378986114 0.12572153608328587 0.2296343475797223 0.24634971247102042
3 0.39390040196599246 0.6288014096190017 0.2051323145630355 0.22508220752810448
3 0.6479195166198851 0.6859267960062987 0.25668817051050075 0.2568070514063251
3 0.8862052521477066 0.709794013420235 0.22758949570458675 0.2652270464634093
3 0.14462849954571477 0.855637187756441 0.21130042740790572 0.22377437551288218