2 0.1296875 0.63046875 0.19921875 0.2359375
2 0.63125 0.38203125 0.21640625 0.2140625
2 0.88046875 0.384375 0.1828125 0.22109375
2 0.6265625 0.8859375 0.18984375 0.21875
2 0.128125 0.1328125 0.178125 0.209375
2 0.1265625 0.38125 0.19453125 0.20703125
2 0.37578125 0.1359375 0.2015625 0.22578125
2 0.384375 0.884375 0.209375 0.196875
2 0.8765625 0.134375 0.19453125 0.22109375
1 0.8953125 0.63203125 0.209375 0.2046875
1 0.63671875 0.63984375 0.1828125 0.2046875
1 0.371875 0.3890625 0.19921875 0.18046875
4 0.625 0.1328125 0.20703125 0.21875
4 0.8921875 0.8953125 0.18984375 0.19921875
2 0.38359375 0.640625 0.1734375 0.209375
3 0.1359375 0.8796875 0.19921875 0.19921875