1 0.15524483319875274 0.11516209864227078 0.23326033360249454 0.22343672637227668
1 0.38810833157719493 0.40017405380272014 0.2185353603878557 0.27372376879593147
0 0.40196982873452586 0.1439080783485274 0.21308420129724617 0.22959113152302774
2 0.35412524919251637 0.6438444344076639 0.22610239853730274 0.2602989975841041
2 0.6407696814150391 0.44739896653951494 0.24479785145940197 0.2587045466757184
0 0.1117882264626973 0.6137272733378591 0.2235764529253946 0.25730154334173855
0 0.5948421578793841 0.9008441847821171 0.22593875730360063 0.1983116304357658
0 0.8980675328744411 0.22899887927630963 0.20310127516050827 0.283385811219586
0 0.8745644342577081 0.7238809445787815 0.22714670129724618 0.23073904334173853
3 0.6575516270302425 0.20310683260059115 0.24361718100470675 0.2804520009180839
2 0.8842333092560606 0.4837023547305024 0.21650921022569988 0.24703372303829685
4 0.129760043427748 0.36500273091420454 0.2259933043815013 0.254048997584104
0 0.34251204464885926 0.8925218885654406 0.205489889608849 0.2149562228691188
3 0.8483256680256538 0.9321734818322884 0.2315614659077429 0.13565303633542314
3 0.6075814857998358 0.690351870023276 0.21656375730360064 0.25015872303829684
3 0.09375435958037215 0.8511316784886102 0.1875087191607443 0.27101335697722034