2 0.125 0.36875 0.21171875 0.23828125
2 0.628125 0.384375 0.18515625 0.22109375
2 0.3890625 0.62734375 0.18984375 0.2140625
2 0.896875 0.8765625 0.196875 0.20703125
2 0.12109375 0.625 0.2015625 0.20703125
4 0.4 0.37734375 0.18984375 0.2328125
4 0.63203125 0.6265625 0.2359375 0.23046875
4 0.6375 0.11171875 0.21171875 0.2140625
3 0.3875 0.128125 0.1875 0.21875
3 0.88203125 0.1390625 0.1734375 0.23828125
3 0.6375 0.884375 0.19453125 0.22109375
1 0.88125 0.3859375 0.17578125 0.20703125
1 0.8875 0.6328125 0.1875 0.209375
1 0.125 0.8703125 0.19921875 0.20703125
1 0.375 0.89765625 0.18984375 0.1734375
3 0.14375 0.13671875 0.19453125 0.2046875