2 0.416264895460829 0.13906988092303835 0.273154790921658 0.23575285892771408
2 0.8908618741353598 0.4713462328017825 0.21827625172928045 0.26165158548249734
4 0.892420723127794 0.7213578881957228 0.20278772721932725 0.2288623962703779
4 0.13934783074700788 0.8442846414964933 0.22611609981466554 0.22751338382282354
2 0.8969394873861283 0.2239743253332497 0.20612102522774337 0.23101689212119308
2 0.1624132091631599 0.12139251577154693 0.22482641832631983 0.23520748465266034
1 0.6694097428284238 0.2034446473192852 0.19995539309857638 0.28163219875988893
1 0.8843627195844149 0.9265218754242073 0.21000002649368774 0.14695624915158553
3 0.15115828375008195 0.3792283265594276 0.19390380054030495 0.24221450124939983
3 0.40370293039203736 0.4264155929556745 0.2361111479078998 0.29060537967363836
3 0.1437724028020412 0.6139818348577973 0.21081848202865067 0.23570439212119326
3 0.3999058409138089 0.6746871495943703 0.21265380054030497 0.24363529129135628
3 0.40681807294245953 0.8912547298787755 0.23225697241000381 0.2174905402424489
3 0.6503597086998237 0.6843152164055357 0.21841272721932725 0.23004638797200821
3 0.6524678126060225 0.4546160610115953 0.21545141832631992 0.23449708963168217
1 0.63217273700761 0.8947367726200242 0.25237106496827516 0.21052645475995177