2 0.10927004223454913 0.4000377340279604 0.21854008446909826 0.2541942829929864
2 0.36376782643541616 0.1539010529137182 0.2380893471291677 0.2684935813333124
2 0.8564558553746113 0.18260304151507073 0.21163326294241785 0.24159919461070406
2 0.5922667398295921 0.4207496238740684 0.23009483660582397 0.26477658548249733
2 0.8479097950771466 0.4236424386106414 0.21090522084904323 0.22909919461070416
1 0.6023220922204316 0.16726942636357933 0.23910581555913665 0.25923698050347543
1 0.3480239161661863 0.42421355291371815 0.20905429451244917 0.2507373962703781
2 0.8386889005929323 0.6897410352912934 0.2360718208208084 0.26056268216314943
4 0.3444027613703897 0.9016302951281912 0.2030927208490433 0.1967394097436177
2 0.09843343984370959 0.8902464917016303 0.19686687968741917 0.21950701659673938
1 0.5934772982020926 0.9025143064382032 0.22091725768074627 0.19497138712359358
0 0.8408073245104519 0.9060084658810821 0.22137228398910552 0.18798306823783584
0 0.11510557238328152 0.16151968568763436 0.23021114476656304 0.2590001821631494
0 0.3498161163920652 0.6628975446153484 0.20107519454068407 0.22057629958972597
3 0.10270646999244196 0.6599455302936941 0.2054129399848839 0.24098388797200823
0 0.5945671742704555 0.6641803151607801 0.21697321032569974 0.22644779129135628