2 0.11493263882157392 0.40778865514873236 0.22986527764314785 0.28745231029746476
2 0.6019710879095405 0.4093845783603804 0.22893671939110263 0.2627407366340588
2 0.3748369490507854 0.6600615996188293 0.23818438539871387 0.2601617682040899
2 0.8704983230436116 0.8821641127730089 0.20055705140632513 0.23567177445398216
2 0.11645669365075906 0.6655934498729431 0.23291338730151812 0.26098081555913666
4 0.37408616844188813 0.40942456278712636 0.22756522037968577 0.2673372313723871
4 0.617134536997507 0.65224691254713 0.266500386387297 0.2664873629141834
4 0.5977278927759067 0.14836377837449782 0.2607942144481868 0.24121434712916773
3 0.34980238733869917 0.15976619703034567 0.22230471741393626 0.2530017155873715
3 0.8435988082892262 0.16816585708781404 0.2159273834215476 0.2495126945406841
3 0.6340687331197239 0.8888551865775891 0.23674921939110263 0.2222896268448217
1 0.8551425088600675 0.40376942812038397 0.2221773834215476 0.24987671558737148
1 0.8709598739556453 0.6498022649379696 0.2188613824329643 0.24500720506402765
1 0.12230356216919684 0.8918535710325699 0.2417258794672148 0.2162928579348602
1 0.37263914319583613 0.9102990051204977 0.2267720415204934 0.17940198975900473
3 0.11060457756659814 0.17612913147120907 0.22120915513319628 0.2425192418957307