4 0.36484375 0.128125 0.1828125 0.20703125
4 0.3765625 0.8796875 0.18515625 0.19453125
0 0.87265625 0.63359375 0.1828125 0.2015625
0 0.6234375 0.13203125 0.18515625 0.2234375
3 0.134375 0.1234375 0.19453125 0.19453125
3 0.13671875 0.365625 0.1921875 0.21875
3 0.3890625 0.37734375 0.17578125 0.2046875
3 0.62109375 0.384375 0.1703125 0.18046875
3 0.89296875 0.37109375 0.1734375 0.1703125
3 0.6453125 0.890625 0.15859375 0.196875
3 0.88046875 0.88671875 0.1703125 0.1734375
3 0.3875 0.6390625 0.16328125 0.196875
0 0.1328125 0.63359375 0.18515625 0.2046875
2 0.115625 0.878125 0.18515625 0.22578125
1 0.62578125 0.6328125 0.1734375 0.21171875
1 0.88671875 0.1203125 0.1734375 0.18984375