3 0.11332201708875882 0.15807514376448978 0.22409804420664753 0.24634971247102042
3 0.13700252414838782 0.4074066403044487 0.21495036473976095 0.2537802104938541
3 0.6827639343484375 0.8576030281002585 0.2064559031404208 0.23002437551288218
4 0.3536969645023341 0.13967667635055353 0.19216608260730733 0.2216388725471326
4 0.17618732541466434 0.8938879683653385 0.21206940564770313 0.20840404349765967
4 0.9063225166597938 0.5712676441844193 0.18735496668041235 0.24708454152049342
2 0.5894609682632578 0.11141636657845248 0.2289219365265156 0.22283273315690497
2 0.15459215558119618 0.6624615548291851 0.18922293903379805 0.22776153855474385
2 0.44057643434843746 0.867471412510389 0.20516618778015677 0.23933570851668762
2 0.6248745971887837 0.3734482039937013 0.20421144154108042 0.2065232085166877
4 0.660858875956025 0.5886447810660079 0.19510922618081655 0.21551620653952136
0 0.37680917022917954 0.3694769228905124 0.21096154671392994 0.2239653765014653
0 0.8493671656768331 0.097538255894318 0.22998433135366625 0.195076511788636
0 0.8785247829238765 0.3005386501159183 0.23940479546028862 0.2360488824329643
1 0.4216061593421199 0.6187301649818471 0.20342183135366607 0.2330220415204934
1 0.9163346714828208 0.8131049757053501 0.1673306570343584 0.21395370653952134