0 0.125 0.12890625 0.22578125 0.2234375
2 0.3765625 0.1296875 0.22578125 0.22578125
3 0.6296875 0.1234375 0.23046875 0.209375
3 0.8796875 0.1265625 0.23046875 0.22109375
3 0.3765625 0.38046875 0.22578125 0.2328125
3 0.6234375 0.3765625 0.23046875 0.240625
3 0.628125 0.625 0.23046875 0.22578125
3 0.6328125 0.87890625 0.23046875 0.2359375
0 0.128125 0.38125 0.20703125 0.21171875
4 0.8796875 0.3703125 0.21875 0.21875
0 0.38125 0.6234375 0.21640625 0.22109375
4 0.384375 0.8671875 0.228125 0.228125
4 0.1328125 0.8734375 0.209375 0.21171875
0 0.1328125 0.625 0.228125 0.23046875
0 0.8796875 0.6265625 0.23046875 0.22578125
1 0.875 0.8765625 0.21640625 0.21640625