3 0.10000664405253472 0.1596800456461635 0.20001328810506944 0.21479665389834954
3 0.33403640603832235 0.12870283104070798 0.1879448145630355 0.22335319836338668
3 0.5867010606063067 0.09562124632939392 0.20151599163225703 0.19124249265878784
3 0.12022521653308729 0.8902554338505985 0.19839099163225699 0.2143601442797028
3 0.11248571687177156 0.6659374801297341 0.18112824852966197 0.18256450725639403
3 0.363017983380115 0.6470510377567973 0.1916496687014785 0.20476688947037935
4 0.8379736335370851 0.08208080218476746 0.1803027329258299 0.16416160436953492
4 0.10303538952997895 0.40988837677168954 0.2060707790599579 0.2321478450053421
3 0.6137107021724505 0.6102231272350257 0.20685858887329509 0.22713296279135697
2 0.34268663048486736 0.380282689208076 0.21911292740790583 0.22288197241000382
2 0.36409804726578193 0.8793997462869848 0.1784126843053107 0.1902678798517325
1 0.6220743215760415 0.8672717354023938 0.21714099163225703 0.2150149087076727
4 0.8551634605401934 0.8092235893085924 0.18679839439121898 0.2014781983633867
1 0.8579863246282592 0.5619220033737431 0.19986496042459265 0.24248514427970277
0 0.8449794708285004 0.31907230446220214 0.2231453301668676 0.21054566351699638
0 0.6073599621220731 0.3445262053653268 0.22683689620024125 0.2512252272193273