0 0.13515625 0.3977415282191016 0.2109375 0.24254638797200823
0 0.88828125 0.9083284437855115 0.2234375 0.18334311242897705
0 0.38671875 0.40821004461534843 0.2328125 0.24732897635429046
1 0.38359375 0.6517232462750224 0.2265625 0.2546678796736385
1 0.1265625 0.15255908278320493 0.196875 0.23210579544054105
0 0.86484375 0.18115894068523378 0.2171875 0.24770748465266035
1 0.3703125 0.15540435332863667 0.23125 0.2503355771841275
1 0.1421875 0.6404618244848352 0.2453125 0.2701511697155947
2 0.640625 0.6907311597668399 0.2390625 0.2696775730349426
1 0.6078125 0.15621352719341633 0.19375 0.23030649710021497
3 0.6359375 0.4122509622563507 0.1984375 0.23691169461070416
3 0.87734375 0.437574884046538 0.2296875 0.2361546780139646
3 0.1484375 0.8771428404568749 0.225 0.2457143190862503
4 0.890625 0.6878000269929236 0.215625 0.2304015854824975
4 0.64921875 0.897075156230744 0.215625 0.20584968753851207
1 0.390625 0.8900178275967239 0.2359375 0.21996434480655225