3 0.134375 0.1328125 0.21875 0.228125
3 0.1359375 0.37421875 0.18984375 0.2234375
2 0.3734375 0.1296875 0.18046875 0.209375
2 0.87734375 0.1359375 0.2140625 0.228125
2 0.8765625 0.39375 0.196875 0.196875
2 0.634375 0.8890625 0.18984375 0.21171875
4 0.8765625 0.88203125 0.21640625 0.1703125
4 0.3765625 0.38125 0.19453125 0.21171875
4 0.625 0.63671875 0.21171875 0.2359375
0 0.63515625 0.3734375 0.2046875 0.21875
0 0.628125 0.13125 0.21875 0.22109375
0 0.8796875 0.6234375 0.196875 0.18984375
0 0.1296875 0.884375 0.19453125 0.21171875
3 0.3828125 0.6359375 0.20703125 0.21640625
1 0.13125 0.63125 0.22109375 0.21640625
0 0.39296875 0.8796875 0.2046875 0.209375