2 0.6750196180686213 0.8936694135702897 0.25092476095825483 0.2126611728594206
0 0.3774615281217625 0.16701086743820212 0.20452064185166688 0.24706567394668238
1 0.9182385973927115 0.9158867253938496 0.16352280521457702 0.16822654921230082
1 0.17642149048497813 0.6463643012176463 0.22973896567298446 0.25379390606883484
2 0.15153269065159386 0.39606141227775277 0.21240591645877277 0.24926590273485508
3 0.8728639193542568 0.19266289548716714 0.1969606989237615 0.21843049091614425
3 0.6218643455329393 0.16750430138682418 0.17537679735218498 0.22289485030926076
3 0.6468451906515937 0.43649341744790043 0.2037928957806084 0.23144067394668238
3 0.8880331168302764 0.45151173700243613 0.21690932588823203 0.2122760857653933
3 0.9074658593866782 0.7098024691245888 0.18506828122664346 0.24677863152302776
3 0.4055824516098486 0.6705185047111057 0.2275214942090317 0.23960386031120037
3 0.17020583953257407 0.8899872067428504 0.22261567038771418 0.2200255865142992
1 0.13669097890755083 0.1442438207624837 0.2101156703877142 0.23351335697722053
2 0.40004296525869976 0.4179036877416439 0.21687509263745514 0.2449610400077587
0 0.4365757022290211 0.9038260503841513 0.22977319892376152 0.1923478992316973
2 0.684578592842343 0.6785054453276876 0.2350428957806084 0.23399158909937298