2 0.600881795699555 0.18158277684101698 0.23024838792272534 0.26473140606883494
2 0.8548437036812725 0.1842764395778117 0.21821926881613757 0.24040108576539318
2 0.10825764805691991 0.15078086318613834 0.20193929735218488 0.22506312818904783
2 0.8623671435088059 0.4436832615482434 0.2455822894943019 0.2597568636451804
2 0.8594261182825276 0.6920410132152334 0.23286396567298445 0.2540489975841041
2 0.3475445866461083 0.9029491410659254 0.22261567038771418 0.19410171786814914
4 0.6045182562052529 0.42341946153854504 0.2276670434232436 0.2427288603112004
4 0.37163501985410413 0.6584967368332583 0.18929374813797314 0.22091776212797143
4 0.36912441170577104 0.42616259789336475 0.24253006410140793 0.26106427212991135
3 0.12021291553001394 0.4002227537930218 0.24042583106002788 0.2518168178875458
3 0.60550263586032 0.9106097453131401 0.22908399420903186 0.1787805093737198
1 0.6185635237830456 0.6943377394183321 0.2570292117440431 0.2715871839486221
0 0.8563224272166489 0.9104498618332583 0.19823210049533807 0.1791002763334834
3 0.09981148552708859 0.8910554346975281 0.19962297105417717 0.21788913060494366
2 0.10890400330976888 0.6600601393989355 0.21780800661953775 0.269418906068835
3 0.35907528536047284 0.17047070728648125 0.19699924028009033 0.2526779451585097