1 0.10829374107154625 0.1495890851938571 0.2165874821430925 0.23042817038771418
1 0.6367851594976466 0.16023356430629568 0.22426716314779932 0.2368237196019259
1 0.12216968587926602 0.39194140508623326 0.17870920129724627 0.22065075599585598
1 0.6206753697266418 0.4112502547530017 0.20828760714144484 0.2157834735308672
0 0.37266811241974596 0.15105965570540578 0.19902170129724617 0.22159682588823215
0 0.3791736623403157 0.4054753279551468 0.22097852191409723 0.2273031703877141
0 0.87249696834667 0.4081232164970448 0.1592500892845372 0.1791524607105858
4 0.88041242857237 0.17861765301480942 0.18191602191409723 0.22548380521006775
4 0.369559334419864 0.6427206168302763 0.2194432954530477 0.22879289578060824
4 0.3829597666456821 0.898892399192821 0.19110010714144482 0.2022152016143579
4 0.6336900182672398 0.6511132754311661 0.2053807954530477 0.22813792431665564
4 0.6378381814183344 0.8965476300648426 0.19754102191409723 0.20690473987031482
4 0.12001330195245993 0.649863066996892 0.2019285129856435 0.20924237510244376
2 0.8719167211893393 0.6653364030148095 0.19115465421934558 0.21810795285270287
2 0.11734840341515725 0.8870376774192821 0.20864216314779932 0.22592464516143593
3 0.8706643181878096 0.9033959244190995 0.1755569277582957 0.19320815116180085