1 0.609375 0.8734375 0.21875 0.21640625
1 0.6203125 0.1234375 0.21171875 0.23828125
2 0.89453125 0.6359375 0.2015625 0.23828125
2 0.8671875 0.884375 0.21171875 0.22578125
2 0.378125 0.8859375 0.19453125 0.22578125
2 0.87734375 0.38203125 0.2140625 0.2046875
2 0.63671875 0.3921875 0.2140625 0.21640625
3 0.88125 0.12421875 0.21875 0.2140625
3 0.38671875 0.628125 0.2328125 0.24296875
3 0.1265625 0.11875 0.21875 0.2375
3 0.3921875 0.1265625 0.209375 0.22109375
3 0.39375 0.3765625 0.20703125 0.20703125
0 0.14140625 0.38125 0.2015625 0.20703125
4 0.134375 0.6328125 0.18515625 0.21875
4 0.1203125 0.87890625 0.19453125 0.2234375