2 0.12187238715847212 0.13146559270555544 0.23964830072118076 0.23201763867708353
2 0.12450185220486079 0.3875155709540624 0.20203919794763908 0.22645731648875014
2 0.11586716214100642 0.6243070561364235 0.19233688962701406 0.21217661094166687
2 0.38110191679374983 0.13167857256958299 0.20483688962701407 0.21246755167111128
3 0.37005074154753437 0.371649609138715 0.20814372758291685 0.22035278685347243
3 0.3799842135277773 0.6158171832269094 0.2379403303564585 0.2257312710859029
3 0.6309700577519441 0.36635747141156194 0.2249675516711113 0.20512783035645848
3 0.6298849089099652 0.1129763182948956 0.21148693313000014 0.2259526365897912
3 0.6307472797321869 0.6107614348424301 0.19876872758291686 0.22013458130638916
3 0.8642501107542355 0.6092307299609367 0.20785278685347244 0.20785278685347244
2 0.6128096716403117 0.8782216917762842 0.22838349240055572 0.21770056553881964
2 0.8655534651432978 0.8551608258006242 0.22395056553881965 0.228528962765278
0 0.11672571979604134 0.8859167033628819 0.23345143959208267 0.22729377108590293
4 0.8747382415475343 0.3599028771873951 0.21929943312999994 0.2299823599917362
0 0.3690596716403117 0.883895036000451 0.21591985999173638 0.2189721248093754
0 0.8673303575231943 0.11270160172989552 0.23659603590354195 0.22540320345979104