3 0.134375 0.12890625 0.1875 0.2046875
3 0.634375 0.1328125 0.1875 0.196875
3 0.88125 0.12734375 0.15390625 0.2015625
3 0.884375 0.378125 0.178125 0.22578125
3 0.13671875 0.88671875 0.1515625 0.2140625
3 0.3734375 0.6328125 0.165625 0.18984375
3 0.3828125 0.88046875 0.1875 0.2234375
4 0.38203125 0.1390625 0.1734375 0.196875
4 0.634375 0.378125 0.15859375 0.1875
1 0.13828125 0.628125 0.1734375 0.18984375
1 0.8890625 0.8921875 0.165625 0.19453125
2 0.13125 0.3765625 0.19453125 0.21640625
2 0.884375 0.6375 0.18984375 0.209375
2 0.3890625 0.38203125 0.18046875 0.2046875
2 0.634375 0.6375 0.1875 0.19921875
3 0.6265625 0.8859375 0.18515625 0.17578125