1 0.12734375 0.1421875 0.1921875 0.18046875
1 0.878125 0.13125 0.19453125 0.1875
4 0.11953125 0.64140625 0.1828125 0.2015625
4 0.6546875 0.3796875 0.18046875 0.19453125
4 0.884375 0.8828125 0.16328125 0.18984375
4 0.40234375 0.8765625 0.1734375 0.23828125
2 0.3875 0.1234375 0.16328125 0.21640625
2 0.6265625 0.13125 0.16328125 0.196875
0 0.4015625 0.39765625 0.165625 0.2015625
0 0.88359375 0.3734375 0.1703125 0.1875
3 0.14296875 0.38984375 0.1734375 0.1828125
3 0.3890625 0.63359375 0.178125 0.2046875
3 0.621875 0.6359375 0.16328125 0.19453125
3 0.88671875 0.634375 0.1703125 0.19921875
3 0.6375 0.8765625 0.18984375 0.19453125
3 0.1546875 0.87734375 0.19453125 0.1734375