3 0.13515625 0.12890625 0.1921875 0.2046875
3 0.134375 0.38046875 0.165625 0.2140625
3 0.62265625 0.9 0.1703125 0.19921875
4 0.3796875 0.1421875 0.165625 0.196875
4 0.115625 0.8875 0.18515625 0.21875
4 0.8859375 0.6421875 0.165625 0.21640625
2 0.61875 0.1296875 0.1875 0.21171875
2 0.121875 0.63515625 0.15859375 0.2015625
2 0.38203125 0.8796875 0.1734375 0.21875
2 0.621875 0.40859375 0.17578125 0.1734375
4 0.6328125 0.6265625 0.16328125 0.18515625
0 0.3765625 0.3734375 0.17578125 0.1875
0 0.8796875 0.1421875 0.1875 0.196875
0 0.88125 0.36875 0.19453125 0.1875
1 0.39140625 0.62578125 0.1734375 0.2046875
1 0.8765625 0.884375 0.17578125 0.18984375