1 0.1296875 0.12109375 0.21171875 0.2015625
1 0.3859375 0.37578125 0.18515625 0.2328125
0 0.37734375 0.11875 0.1921875 0.196875
2 0.3734375 0.6234375 0.1875 0.21171875
2 0.63984375 0.384375 0.2140625 0.21171875
0 0.128125 0.63046875 0.196875 0.2140625
0 0.6359375 0.86875 0.18515625 0.19921875
0 0.8921875 0.128125 0.19453125 0.240625
0 0.89609375 0.62421875 0.2078125 0.1953125
3 0.63515625 0.1390625 0.2015625 0.228125
2 0.884375 0.38359375 0.18515625 0.2046875
4 0.1265625 0.3796875 0.19453125 0.209375
0 0.384375 0.8859375 0.178125 0.20703125
3 0.89375 0.8921875 0.2125 0.2125
3 0.628125 0.63125 0.19453125 0.21640625
3 0.11796875 0.8703125 0.1828125 0.228125