3 0.14178549686586797 0.1247004011572918 0.20392900626826407 0.24517987510244388
3 0.8850081667937498 0.18199736413967993 0.22954725531833375 0.2729067688161376
3 0.10765984432107607 0.8749529582293863 0.21531968864215215 0.24678091645877273
4 0.8791529846136802 0.43355986413967995 0.22845622758291703 0.22603176881613757
4 0.6322052494313191 0.4251864762169545 0.2190084924005557 0.22247012117350237
4 0.6484167033628818 0.16550326116314254 0.2208983007211808 0.23660539578060832
4 0.3459312961653465 0.8893161919968919 0.2130858007211808 0.22136761600621604
4 0.11472065625079839 0.6355458558720215 0.22944131250159677 0.24202064185166688
2 0.3549842135277773 0.6422111945805353 0.2379403303564585 0.23115591645877273
3 0.40421276168350684 0.14005153515107585 0.23194490349472244 0.24180231803034932
3 0.13215135125493024 0.37061221463952715 0.22758471181534742 0.2556464942090317
0 0.3770456239563539 0.4000065779551468 0.23034603590354186 0.2401670434232434
0 0.8685375672512494 0.6880290403183624 0.2192994331300003 0.23497012117350238
1 0.8495647892314924 0.9091996414373821 0.21755509517409735 0.1816007171252359
3 0.6125785079806938 0.6635940047530017 0.2415744766329862 0.25317646567298446
3 0.6006369799609368 0.8907685109582548 0.2290744766329862 0.21846297808349036