1 0.7843286601106522 0.8662846103599847 0.19847287878738662 0.21592264427970279
1 0.8341117333801149 0.6306000815040441 0.22403944482076027 0.2573660998146655
1 0.8670348552700968 0.38926575337374303 0.23481317051050077 0.25462304573098155
4 0.8917736629357274 0.14041902560626163 0.21219454206179833 0.2694295901960187
3 0.4108821890550091 0.11501982087390698 0.24073562188998174 0.23003964174781397
3 0.6575967367710169 0.12120159968743852 0.23637567051050076 0.24240319937487703
3 0.6289107355278215 0.3648287816815294 0.21220118611433297 0.23979665389834953
3 0.5905221856641071 0.6211705509188231 0.25964939620024124 0.25237106496827516
3 0.33550381501732074 0.621497966249918 0.25282618611433294 0.24121531015895173
3 0.301799443127339 0.8628595762313847 0.20381547602842476 0.2285863353866951
1 0.0911174864323327 0.8399032589856746 0.1822349728646654 0.24206848202865067
1 0.5530753380843848 0.8595435701561168 0.24534123473485217 0.24719249164729754
0 0.09639588591193433 0.6002951219623661 0.19279177182386867 0.22524308057737183
0 0.15421943125309298 0.11246279446503715 0.23843613749381404 0.2249255889300743
2 0.12621726198578762 0.34045633049255386 0.25243452397157523 0.2556051923729369
2 0.36727055065668396 0.3575892336731131 0.2455050090451115 0.25031749164729755