3 0.12024432230690288 0.15794739474715103 0.24048864461380576 0.26901978949430205
3 0.12739672951193634 0.39979029238978614 0.2170521863755 0.25535539578060834
2 0.35311084358053346 0.15320219850947672 0.20287151170746487 0.23438792431665562
2 0.8563267471713296 0.1610106219975628 0.24047150565734085 0.2533220148871962
2 0.8681353590004315 0.41475420615796266 0.22159424063022612 0.23057371960192583
2 0.6487929230177151 0.8927227129846427 0.22325673458010192 0.21455457403071457
4 0.8863974621471307 0.9024554133538917 0.21826016237139498 0.19449067038771445
4 0.3680580909482548 0.40474758188408816 0.2201135538619427 0.24456344499482013
4 0.628367835290914 0.6591248285743193 0.24842945140261463 0.2786858879227253
0 0.6259933107958296 0.3956616420565547 0.220104463502863 0.24300094499482006
0 0.6070807260940908 0.1540905721641785 0.25458854781181833 0.2633519863511489
0 0.8824286213952675 0.644388202229021 0.22313855991206707 0.22752149420903187
0 0.14400997424737905 0.896367731803035 0.20903060811666876 0.20726453639393014
3 0.3861076124182771 0.6603447644729113 0.226354463502863 0.2432920434232436
1 0.13449966062287905 0.6564405527288684 0.24828400565734077 0.2536858879227255
0 0.4081315615813965 0.8929420559339387 0.22631810206654457 0.21411588813212248