2 0.13150044882672288 0.3516175630353248 0.23162205534962835 0.23567492134838536
2 0.33757680091882303 0.6263095325883121 0.2259722560752678 0.25282605991206675
2 0.09456344401739944 0.8396851895969538 0.18912688803479888 0.25124537919390766
0 0.629918101459128 0.3998389779408025 0.23107641832631992 0.22004992134838536
0 0.8973139657017638 0.17166047754801905 0.20144348202865067 0.22143970452587255
0 0.6558903575343958 0.14837647189067832 0.20602185462398898 0.21834197560311144
2 0.5597965081830665 0.8842033249391814 0.2331845553496283 0.2315933501216371
2 0.39849700898567464 0.11249701746300156 0.22924109981466553 0.21222833098930574
4 0.5961606272350257 0.6504747821955286 0.26147324645662096 0.24053513817089806
4 0.8149105941179158 0.8950549874087723 0.26528772721932725 0.20989002518245528
3 0.15218500417635122 0.11731528590796177 0.23937999164729754 0.2341578731437834
4 0.32267845409938245 0.8739294211519937 0.2282242368379741 0.22784424063022612
4 0.11056544465037163 0.597565867290051 0.22113088930074326 0.2576317345801019
3 0.830044553914048 0.6659008360574713 0.21810519237293705 0.2512181081166688
3 0.37147068439875264 0.3717674783335859 0.2052778101589518 0.24177038524403177
3 0.8834151236916468 0.41303491129124037 0.2128720553496283 0.23556583703943001