4 0.17771767126547414 0.12220207433554864 0.22106034253094825 0.2357930074012556
4 0.4049422390396561 0.39818928516057694 0.2333694277582959 0.2256565437984502
1 0.41623074634655205 0.1507530806570701 0.19417056006354425 0.2153408050572172
1 0.8955733729697574 0.47519278762458705 0.20885325406048522 0.25278024830195706
2 0.6712182552750058 0.18426169724990946 0.2291183043815014 0.25035615514950227
2 0.1132061213416091 0.8524019116279072 0.20104785145940202 0.25167882325581453
3 0.9090710369316308 0.21603783312108024 0.18185792613673826 0.21796515730897054
3 0.14647517410484792 0.3441679094684389 0.20845124837514692 0.2287419710040611
3 0.13514575648952648 0.5892603639719457 0.233778530842551 0.2490940437984502
3 0.6242861229664621 0.6697695982373585 0.1753114659077429 0.20788925046142523
3 0.8515243275101193 0.9163489998431164 0.21623647483619662 0.16730200031376724
3 0.6076515965848428 0.9015076449704693 0.2164819366867496 0.1969847100590613
3 0.36923043019063256 0.6323547316445192 0.1958148806803953 0.22012843460686646
3 0.34715442734796353 0.8785336150516798 0.2527194456152033 0.24293276989664037
2 0.652294525971287 0.44135350400516965 0.22602057792045152 0.25171839605020346