1 0.11427580952597963 0.11412200898567466 0.22669645317271012 0.19050598202865068
1 0.8579439639724832 0.10266612069642174 0.23151292794496642 0.20533224139284348
1 0.8819903437818069 0.332807422248217 0.23601931243638638 0.2472470553496283
1 0.4009599094254632 0.640701834035933 0.23754467313564334 0.23302086424263582
1 0.6555010764858386 0.605218168704838 0.2400347560752678 0.25963792794496676
1 0.13656999409436824 0.3941542493670278 0.22553574645662094 0.24664685462398897
4 0.6790477370076101 0.8539185635326948 0.20689487386128266 0.24911709019601885
4 0.43500756032858784 0.8765202829474739 0.2217014183263199 0.22622522721932725
1 0.38844995262455595 0.37206096144059464 0.2409970553496284 0.24250499164729752
4 0.3727157921027845 0.12308774810108347 0.21577880054030496 0.23538197241000383
4 0.6049925787632733 0.12201628830495137 0.19993554573098143 0.22858633538669526
3 0.6309003474524129 0.3487325557281465 0.21955856496827514 0.2542410998146655
3 0.9075583339314918 0.8337697215225776 0.18488333213701652 0.2445387176006804
1 0.16187012757429772 0.6482688304925539 0.23033237386128264 0.24993554573098145
2 0.18514396958441495 0.8891567253204107 0.22455359981466555 0.21852185462398915
2 0.8917696262659444 0.573241449290059 0.21646074746811123 0.2343651094333124