1 0.8624837938813237 0.883346792813897 0.19344310669954404 0.23330641437220584
1 0.8763666699156858 0.6365169362764173 0.21697151336727102 0.25373647483619666
1 0.876050685948457 0.39505613919851656 0.2025999306969986 0.22692851298564348
4 0.8805221993157282 0.14508341273746692 0.2090317440324533 0.24266260714144489
3 0.3766068586489554 0.13706894642598227 0.21831583736472576 0.23501374837514694
3 0.6251352653166826 0.13359293911908635 0.19633174936345305 0.22525691882984217
3 0.6323825019494114 0.38377021712226356 0.20270901869827132 0.2363035129856435
3 0.6309632632479584 0.6400474906612139 0.23390447469763487 0.23216148376465034
3 0.37605758724541316 0.6543519038123085 0.22750902402927142 0.21955238960884885
3 0.37793607121264194 0.8920100192765943 0.1931885680299077 0.21597996144681134
1 0.13034345588005097 0.8860483685055305 0.21651698002863506 0.21467397483619663
1 0.6281724285487327 0.8798912406612139 0.20717834269572605 0.21763533360249454
0 0.13079963124604949 0.645382458197105 0.17901698002863503 0.21401940990138843
0 0.1186943613144554 0.1411625624991762 0.21057606269890758 0.24112738068039521
2 0.11975523261459331 0.38576199634655206 0.2370658373647258 0.23534103084255092
2 0.3689739826145933 0.39011212580913124 0.22614651869827124 0.23671261606989855