2 0.09925147453610889 0.6331234924584314 0.19850294907221777 0.2703117720436282
2 0.6022174936219044 0.42868019100483357 0.23973140606883483 0.2342650113999664
2 0.8508622877125489 0.45313851366888025 0.22589204667571822 0.255047404963349
2 0.5465591011788529 0.9023483758823554 0.22825177212991116 0.19530324823528922
2 0.12404379363160264 0.1359589153549092 0.22356427212991123 0.2455631443196873
2 0.10432921272224722 0.38401400310209316 0.20865842544449445 0.22982888367602552
2 0.37112608772224726 0.1603079773752942 0.24671472970625655 0.2627177933309516
2 0.30534416981530477 0.8942521985848394 0.25261404334173854 0.21149560283032115
2 0.8713333818128918 0.20235726366888027 0.2184941348570078 0.24054786238870207
1 0.8377413080062922 0.7005051865653581 0.23686149758410407 0.2371714901126431
1 0.581953693612206 0.6865473213266644 0.22292654334173853 0.23775064431968734
1 0.3426511749854525 0.4128866741569855 0.2249355824314133 0.20526592625067258
4 0.6202172919646127 0.17929755003934095 0.2459494551604493 0.25334279333095155
4 0.8103824851177766 0.9241901609154338 0.22152354000775887 0.1516196781691324
2 0.3291475580062923 0.6649408470534633 0.20379390606883502 0.23175201659574646
3 0.08792380081894748 0.882506133423924 0.17584760163789495 0.23237472946898094