4 0.3556132278041831 0.16210371660602832 0.2318223755244536 0.2505956863123343
4 0.46400732948243456 0.9035538203356502 0.20914189212119325 0.19289235932869958
0 0.9090540153589506 0.680662033216701 0.18189196928209875 0.229099194610704
0 0.6134373831981235 0.17154252926800878 0.22616437137526865 0.2579345896316822
3 0.12567727406991672 0.15167108900698226 0.22860228714217126 0.22860228714217126
3 0.1596541454451854 0.39504258070861253 0.24538796805592078 0.2656053796736385
3 0.4118794962750224 0.41260154668994087 0.2154869805034755 0.24003669461070398
3 0.6434963491794518 0.42471507345914994 0.2007373962703781 0.20940200124939992
3 0.9046306069533679 0.41791357948243457 0.19073878609326406 0.20362559793005203
3 0.7325205311421086 0.9092558475174556 0.1991515854824973 0.18148830496508878
3 0.9344411192004299 0.918194984864764 0.13111776159914007 0.16361003027047188
3 0.4441521576922474 0.6744862400512451 0.2087633838228234 0.23331309793005203
0 0.1900566535430625 0.6629996753146722 0.22498037967363843 0.24230958963168234
2 0.2030698294824346 0.8869438929463858 0.23603627884380146 0.22611221410722848
1 0.680231367650291 0.6737329139160246 0.2177598755244535 0.24953009378086718
1 0.8742797948158412 0.1695585898553968 0.21730958963168234 0.2230859929510301