2 0.11796875 0.11875 0.1921875 0.21171875
2 0.140625 0.390625 0.178125 0.19921875
2 0.63515625 0.37109375 0.1828125 0.2046875
2 0.6375 0.8890625 0.18515625 0.19453125
4 0.8921875 0.371875 0.15859375 0.18515625
4 0.13125 0.6140625 0.16328125 0.228125
0 0.38984375 0.1359375 0.1609375 0.209375
0 0.625 0.13125 0.18984375 0.20703125
1 0.3796875 0.38125 0.17578125 0.19921875
1 0.38515625 0.85859375 0.1734375 0.1921875
0 0.87734375 0.62734375 0.1609375 0.1703125
3 0.1296875 0.87109375 0.16328125 0.2015625
3 0.384375 0.6109375 0.16796875 0.22109375
3 0.6265625 0.6171875 0.17578125 0.21171875
3 0.8859375 0.88125 0.16328125 0.1875
3 0.88203125 0.13125 0.1921875 0.18984375