2 0.1265625 0.1265625 0.19453125 0.21640625
2 0.37421875 0.128125 0.1828125 0.209375
2 0.634375 0.12265625 0.19453125 0.2140625
2 0.8796875 0.1328125 0.19453125 0.18515625
2 0.365625 0.3703125 0.21171875 0.22578125
2 0.8796875 0.63125 0.22109375 0.21171875
3 0.12265625 0.375 0.2140625 0.22578125
3 0.871875 0.38125 0.18515625 0.21171875
2 0.3828125 0.628125 0.21640625 0.21640625
0 0.12734375 0.88046875 0.1921875 0.2234375
0 0.371875 0.88125 0.18515625 0.21875
1 0.62734375 0.6265625 0.2328125 0.21875
1 0.87734375 0.884375 0.2140625 0.209375
0 0.62890625 0.87421875 0.2328125 0.2140625
3 0.1234375 0.628125 0.22109375 0.23046875
3 0.628125 0.378125 0.21640625 0.209375