3 0.1575446267716895 0.11755429075666471 0.23491074645662097 0.23510858151332942
3 0.6492137715995463 0.10484783476272035 0.2520436827542902 0.2096956695254407
3 0.4056001808553735 0.11382383522176232 0.24283237386128267 0.22764767044352463
3 0.8908829164274031 0.09344840043964528 0.21496034500534195 0.18689680087929056
3 0.8828248466498045 0.3291324851177767 0.21448911905195941 0.2527735400077587
2 0.6049453501931837 0.5901966283097341 0.24094249164729753 0.2518168178875458
2 0.6286656255057451 0.31248621649102326 0.2472470553496283 0.25388950091808393
2 0.13120034846390316 0.34764079029762274 0.21777781015895176 0.25771613152302775
2 0.3169195274203601 0.8294973418051331 0.21583336424263583 0.24665108576539332
1 0.8631844361280331 0.5792440554212185 0.20807542794496675 0.24757585697722054
1 0.11558404410614206 0.6046400893892372 0.23116808821228413 0.26077722970625655
1 0.09488090254758716 0.8511642740867653 0.18976180509517432 0.25628117728066224
3 0.8452702167132541 0.8245405799670257 0.22288197241000382 0.22541381455356593
3 0.5964061307784048 0.834727878309734 0.22515380054030487 0.24585386031120038
3 0.3488689649839737 0.5838341554406151 0.22520836424263582 0.24741636031120037
1 0.3816814981010835 0.33576344619727977 0.24077880054030495 0.24712931788754577