1 0.11817462504240901 0.15726022828837827 0.23438495680090718 0.27922954342324346
1 0.13131949890369166 0.3992294044670607 0.21832344718226038 0.266001797352185
1 0.8585615228654907 0.09383546733012352 0.24837304573098146 0.18767093466024704
2 0.3714261437315485 0.37317836497275864 0.27139388347992954 0.26691363399378415
4 0.8793464934189871 0.31404288193137864 0.2413070131620259 0.26760283870851376
1 0.4370784918169336 0.863891102152477 0.2394345553496283 0.24514564185166704
0 0.5988417824841376 0.10913196247016868 0.20355161905195923 0.21826392494033736
4 0.9001178396054555 0.5592633366461083 0.19976432078908885 0.25848039578060844
1 0.19686271958441495 0.8868171416467792 0.22611609981466554 0.22112594499482013
3 0.6589435350160263 0.5843704603008102 0.2431597560752678 0.2624786910658786
3 0.6930011096029485 0.8425810665871165 0.23011411905195925 0.24627149420903188
0 0.9127951881965857 0.8065193263070262 0.17440962360682874 0.24056514970954979
3 0.16211566423478657 0.6536793099675787 0.2284424916472975 0.24307371960192584
3 0.40769105906264347 0.6273735593484061 0.23781749164729754 0.24351036724456102
2 0.34876986061443876 0.13071592194015474 0.24801094718226038 0.2614318438803095