1 0.128125 0.0984375 0.209375 0.15859375
1 0.8734375 0.13203125 0.209375 0.2234375
1 0.8796875 0.3828125 0.22109375 0.22578125
1 0.3703125 0.64765625 0.20703125 0.2015625
1 0.6265625 0.634375 0.19921875 0.22109375
1 0.128125 0.37890625 0.19921875 0.2234375
4 0.6296875 0.8859375 0.17578125 0.228125
4 0.384375 0.8875 0.18984375 0.19921875
1 0.38125 0.37890625 0.19921875 0.2015625
4 0.3875 0.1296875 0.1875 0.209375
4 0.61875 0.1484375 0.18046875 0.21171875
3 0.62421875 0.3765625 0.1734375 0.21875
3 0.8703125 0.884375 0.16796875 0.21171875
1 0.13125 0.634375 0.196875 0.22109375
2 0.1328125 0.8875 0.18984375 0.20703125
2 0.871875 0.6234375 0.20703125 0.209375