2 0.14179006933854177 0.12285386266130083 0.22733013867708354 0.2434157134596036
2 0.39039122349885425 0.1400081650562091 0.200403962765278 0.22670837452429896
2 0.6506202086812154 0.15373371992257528 0.23223584422416685 0.2529817144481868
2 0.8918972124809376 0.18241577132890036 0.21620557503812493 0.2166622124710204
2 0.3788225163362503 0.3807140780980708 0.2513131525447919 0.2678082184025195
2 0.8842893067051044 0.6801847678688592 0.23142138658979122 0.2393648834215476
3 0.13576284735829894 0.36690761018984286 0.23365287385944464 0.24679538144438115
3 0.8849640667730906 0.4302166013669564 0.21323127108590292 0.24128021049385406
2 0.39265385267663244 0.6396261630790427 0.23503353590354195 0.23904654844057555
0 0.13424651310520905 0.8718351907221905 0.21650174145062517 0.24765754448624264
0 0.3789959686522924 0.8869727359312802 0.1990233007211807 0.22605452813743945
1 0.637348756836945 0.656621297983465 0.2683188145888892 0.2606960553606578
1 0.8801492802039587 0.9041834115961681 0.23970143959208273 0.19163317680766384
0 0.6360635862434729 0.8880252179082279 0.26504834422416684 0.22394956418354434
3 0.13384189712954914 0.6197142752088709 0.23525174145062516 0.24842154844057554
3 0.6409413098392365 0.40856579996063136 0.24128353590354196 0.23930121642535304