2 0.15487247967828285 0.42203316567207605 0.25632546805592077 0.2622702997741211
2 0.43261100644749195 0.6692167917404388 0.2411740647365729 0.2676102471574026
2 0.22073092616308668 0.8930520499858826 0.2632140854824973 0.21389590002823483
0 0.6516757020838811 0.4089673494070677 0.2250036904615193 0.21844470506402763
0 0.8587139944009227 0.1542398649803218 0.23305298880184538 0.222024731372387
0 0.6061101352727158 0.15663900995864635 0.2216185813333123 0.2353591892790122
2 0.7234056402703153 0.8935654378930071 0.21837518216314927 0.21286912421398582
2 0.34600142946385704 0.15237863125944756 0.23426029129135612 0.21742823663405889
1 0.6902692184801281 0.6616674151779659 0.2561119805034755 0.23892380503579283
4 0.9236215570629032 0.8863510838338137 0.15275688587419367 0.22729783233237272
3 0.1147640074731772 0.1801340920086702 0.2210032746946166 0.24776818401734038
4 0.4867819786525976 0.8964185156438411 0.2436119805034755 0.20716296871231776
4 0.18463544773420365 0.671107702503779 0.2827462580978771 0.2824763839608707
3 0.9034547494871574 0.6486646991670714 0.19309050102568506 0.2621947050640278
3 0.39299944171091905 0.4133462233387049 0.21354597220510563 0.2520006577089811
3 0.8955749156666564 0.39107971232125105 0.20885016866668735 0.24509821032569964