2 0.12734552434972923 0.1423853639719457 0.24948535145940198 0.25478283929494344
2 0.140412134737585 0.399186076495017 0.1975682954530476 0.2311660641565158
2 0.1414190758885615 0.6357045673957182 0.1958694277582959 0.22325343460686647
2 0.3868296185055306 0.165256869213733 0.20995920129724616 0.22571710055371036
3 0.38554735673440776 0.40475016578996037 0.22434898376465034 0.24536826650055427
3 0.40544066558013603 0.6502827112864535 0.23986488960884883 0.24011956199704762
3 0.646498493503883 0.422253050581397 0.2222137394466932 0.2124556369509049
3 0.6350080198855024 0.16633371760797505 0.19751374837514693 0.22804106415651582
3 0.6562355523496112 0.6671347540051696 0.18479556006354425 0.21474002775932136
3 0.8898974861969868 0.686010371677743 0.2146194277582957 0.22445498920265833
2 0.6491805775101194 0.9125499217284982 0.21917056006354407 0.1749001565430035
2 0.8917837199649327 0.9043694339885576 0.21643256007013462 0.1912611320228848
0 0.15149705397116897 0.8921071568475453 0.23191602191409727 0.2157856863049094
4 0.8902348567344077 0.43709201032669115 0.21481034253094827 0.23539248920265834
0 0.40704762458802 0.9057713907299746 0.20672510714144482 0.18845721854005076
0 0.8725489301939279 0.18389715915467186 0.23207966314779932 0.24118141424880085