3 0.13125 0.1296875 0.1875 0.228125
3 0.87890625 0.1265625 0.2046875 0.24765625
3 0.128125 0.8828125 0.20703125 0.209375
4 0.8890625 0.3796875 0.21640625 0.19921875
4 0.6375 0.390625 0.196875 0.19453125
4 0.6390625 0.1296875 0.19921875 0.21171875
4 0.3796875 0.884375 0.1875 0.209375
4 0.13046875 0.64296875 0.2015625 0.2015625
2 0.37421875 0.6296875 0.2140625 0.19921875
3 0.39375 0.12421875 0.209375 0.2140625
3 0.1359375 0.3765625 0.19921875 0.22578125
0 0.38203125 0.3859375 0.2046875 0.209375
0 0.88828125 0.63359375 0.1921875 0.2046875
1 0.8859375 0.8890625 0.18046875 0.209375
3 0.63203125 0.6296875 0.2140625 0.22109375
3 0.634375 0.87734375 0.209375 0.2359375