2 0.134375 0.13203125 0.178125 0.2140625
2 0.6359375 0.12890625 0.16796875 0.2046875
2 0.13203125 0.36640625 0.1921875 0.2015625
2 0.8890625 0.88125 0.15625 0.21640625
3 0.390625 0.1203125 0.196875 0.22109375
3 0.8734375 0.11328125 0.19453125 0.2015625
3 0.3984375 0.37109375 0.1875 0.2046875
3 0.89453125 0.6328125 0.1734375 0.18984375
3 0.38515625 0.8890625 0.2015625 0.21875
0 0.14765625 0.87734375 0.2140625 0.2046875
0 0.89765625 0.375 0.1921875 0.19921875
1 0.12109375 0.62421875 0.1703125 0.1734375
1 0.378125 0.62890625 0.1875 0.1734375
4 0.61875 0.88125 0.16796875 0.19453125
4 0.6359375 0.6203125 0.18515625 0.19453125
4 0.64140625 0.384375 0.1828125 0.21640625