4 0.12781391584381935 0.1247125707624837 0.21468466831236127 0.24521613152302776
4 0.6019267230270826 0.9117975957673329 0.212903962765278 0.1764048084653343
2 0.12259451329902746 0.38258884364130097 0.2006221683123613 0.244068219704317
2 0.3614342352792703 0.6470810047111057 0.2191903303564585 0.2377862687959313
2 0.8697052494313191 0.46705698866942613 0.2099244331300003 0.24170849425012406
2 0.8478750026623605 0.9282512563780957 0.2048005220358334 0.14349748724380867
1 0.8538392876159717 0.7115404412448016 0.1999675516711111 0.215943219704317
1 0.12909386075423557 0.6414217097023773 0.21141419794763908 0.2387110400077585
1 0.34978299477857566 0.9013308559142047 0.20160278685347235 0.19733828817159066
0 0.10711465705855872 0.8819511148531284 0.21422931411711743 0.23179136031120037
3 0.3844451223408332 0.16288134789336475 0.2068358007211808 0.24301590273485507
3 0.38342291052548577 0.4085764851662684 0.18924825721819455 0.22442539940087514
3 0.6231393739563538 0.43362350896316953 0.21915396276527802 0.2362237687959313
3 0.6249428357717013 0.18799214456908322 0.19564372758291687 0.2311855824314133
3 0.8691831450422567 0.220453055638888 0.21577438962701406 0.22503117728066221
3 0.6090541176880897 0.6688595072961796 0.21639263867708358 0.25159367728066223