2 0.62890625 0.88046875 0.2078125 0.2390625
0 0.37734375 0.134375 0.1828125 0.22109375
1 0.8859375 0.884375 0.178125 0.21640625
1 0.14453125 0.628125 0.2015625 0.22109375
2 0.1359375 0.37890625 0.178125 0.2140625
3 0.8734375 0.128125 0.178125 0.196875
3 0.6234375 0.11953125 0.15625 0.2015625
3 0.63125 0.3875 0.17578125 0.19921875
3 0.87265625 0.38671875 0.2046875 0.1921875
3 0.896875 0.6453125 0.19453125 0.21171875
3 0.3734375 0.6375 0.19453125 0.19921875
3 0.121875 0.88046875 0.196875 0.2015625
1 0.13671875 0.12734375 0.1828125 0.2015625
2 0.384375 0.384375 0.1875 0.21171875
0 0.38828125 0.884375 0.2140625 0.196875
2 0.653125 0.62734375 0.21171875 0.2015625