3 0.13203125 0.1296875 0.1734375 0.228125
2 0.6234375 0.134375 0.165625 0.196875
2 0.63984375 0.8890625 0.1828125 0.196875
0 0.37734375 0.8921875 0.2015625 0.20703125
0 0.37265625 0.621875 0.1703125 0.196875
0 0.896875 0.38125 0.1875 0.18515625
1 0.63671875 0.3859375 0.1703125 0.18046875
1 0.628125 0.621875 0.178125 0.18984375
4 0.88203125 0.11875 0.1828125 0.19921875
4 0.13359375 0.6453125 0.1734375 0.18046875
4 0.90234375 0.88359375 0.1703125 0.2046875
3 0.13984375 0.38125 0.1828125 0.1875
3 0.365625 0.1296875 0.16328125 0.1875
3 0.38125 0.378125 0.20703125 0.21875
3 0.13828125 0.8796875 0.2046875 0.209375
3 0.8890625 0.6296875 0.18984375 0.19921875