0 0.12135554513108435 0.40148544724210716 0.23517193652651555 0.2554742682040899
0 0.8646566349310346 0.8961433127871263 0.22722304420664763 0.20771337442574733
0 0.3732817579840658 0.4036372943712749 0.24427415188677948 0.24664529977412109
1 0.3677518573509276 0.6474782996329467 0.24151286473976086 0.25896328925077744
1 0.1159479457642226 0.15700740514873238 0.21123433135366607 0.23692168927901225
0 0.8544026920032989 0.16714938865784515 0.2474446159934022 0.24838981029746474
1 0.36028897915031743 0.15089172596954087 0.2396775801000249 0.2494972839891055
1 0.1252461086045688 0.6443099840738101 0.24298443652651555 0.25592929451244933
2 0.6251324483380121 0.6773379178088018 0.22708665188677948 0.2456442418957307
1 0.5976214945897237 0.14358527311282596 0.20163201082055265 0.22856315770898114
3 0.6230688093168493 0.3986213836079348 0.2304844365265156 0.2552012524190744
3 0.864384131103604 0.41580669653623553 0.24887072367353405 0.24379331555913666
3 0.1306991720780532 0.87935357103257 0.23521740063313823 0.2412928579348602
4 0.8735843202039091 0.6644185017837898 0.22346154671392995 0.22827473137238705
4 0.6300997785045439 0.8888590392154837 0.2323197211662517 0.22228192156903254
1 0.37132417207805324 0.8860879603962868 0.25396740063313833 0.22782407920742642