3 0.134375 0.1296875 0.18046875 0.18984375
3 0.3734375 0.128125 0.15625 0.19921875
3 0.6265625 0.1140625 0.15859375 0.18046875
3 0.1328125 0.8796875 0.14921875 0.209375
3 0.134375 0.63984375 0.15625 0.1609375
3 0.384375 0.6515625 0.15859375 0.18046875
4 0.878125 0.1171875 0.14921875 0.19453125
4 0.128125 0.38125 0.16796875 0.19453125
3 0.634375 0.6453125 0.15859375 0.18984375
2 0.3734375 0.38125 0.178125 0.18515625
2 0.37734375 0.884375 0.1515625 0.16796875
1 0.63515625 0.9046875 0.1734375 0.178125
4 0.86796875 0.87421875 0.1515625 0.1734375
1 0.8796875 0.6265625 0.15390625 0.21171875
0 0.875 0.38125 0.18984375 0.18046875
0 0.6375 0.378125 0.18046875 0.21640625