2 0.15871592940661955 0.4139953395895958 0.2592354648447217 0.2622702997741211
2 0.4426684302550913 0.6259592003670533 0.2593133772858328 0.2809292945124492
2 0.23814419147115568 0.8820782106786356 0.27681394410953664 0.23220336817585513
0 0.6534918957119438 0.33413790848544 0.23407963996249953 0.22349622611071512
0 0.8524305158342127 0.0776960056146077 0.2267360316684254 0.1553920112292154
0 0.6011509798304628 0.10638869496420708 0.24605195966092558 0.21277738992841416
2 0.7395898228094892 0.8246040137894642 0.24618866069768472 0.2552922576807461
2 0.3415804901980553 0.1172263908908963 0.2522240472198144 0.2344527817817926
1 0.6988699121118044 0.5835540795603623 0.2740402586241661 0.25380535239083957
4 0.9272615863811104 0.7884334824311946 0.1454768272377791 0.2683536998023559
3 0.11976357026407373 0.17519815009882206 0.23023147002851804 0.2683536998023559
4 0.5035641399160168 0.8642635661944211 0.24284904721981437 0.23488875241907436
4 0.19678929373296167 0.6606960343420414 0.29464528454314765 0.2938689102692299
3 0.9017015021444209 0.5395255455712566 0.19659699571115824 0.27734926820408995
3 0.39623576178171216 0.37346353192296694 0.2262862638079625 0.2587966892790122
3 0.8941638212771987 0.2817585482020927 0.21167235744560245 0.2484052208490434