0 0.1148740283776301 0.14959708667404975 0.2297480567552602 0.2523191733480995
2 0.3554513587301584 0.15770518506829184 0.2676833574935407 0.2676833574935407
3 0.6086962746770024 0.15981360733665717 0.2763574506459953 0.25734663479143666
3 0.8556213394518271 0.17485282618124992 0.27000732109634595 0.2553836165928393
3 0.3479743160114423 0.4090371475913631 0.2664212461424887 0.27227072794389146
3 0.5948691024086369 0.4123075516611312 0.2583083574935408 0.2670825801956447
3 0.5922798187892194 0.6608149028331504 0.27403348704319014 0.26964637569213784
3 0.5893400817460295 0.8905497597914366 0.2629958574935408 0.2189004804171269
0 0.10983847008121042 0.40249154919712105 0.21967694016242084 0.2473312846991515
4 0.8521203979051302 0.4131037978036199 0.24108128469915152 0.24108128469915152
0 0.34573548581579755 0.6520757487633823 0.2412815437984502 0.2442062846991515
4 0.34105277607050344 0.8838364327565525 0.25770758019564477 0.23232713448689496
4 0.10666819556109167 0.8845449807216685 0.21333639112218333 0.230910038556663
0 0.11776338795680999 0.6463114003691401 0.23552677591361998 0.2792216347914366
0 0.8427304017626416 0.6698043807770417 0.25105706199704725 0.25105706199704747
1 0.8313971738187501 0.8990008135382069 0.2412815437984502 0.20199837292358608