1 0.668226451829707 0.822349180690035 0.2415611374938141 0.24396717801396442
1 0.6127190852552504 0.10490802986948675 0.24731317051050078 0.2098160597389735
2 0.905865976932936 0.5526473742518319 0.18826804613412804 0.2724706863123343
2 0.9041098043862702 0.8043758176131359 0.19178039122745966 0.25286858133331264
2 0.43783626695856925 0.8562785078741625 0.2166430246489437 0.24363529129135628
2 0.8840175531430748 0.3026240634639511 0.23196489371385026 0.24600327469461652
2 0.6531205144721784 0.3395483360839753 0.2400805246489437 0.24541127884380148
3 0.8730833751693421 0.08402499957579274 0.2430417503386842 0.16804999915158547
3 0.4245296042499846 0.6023722578741625 0.27839275214770665 0.2934469597575511
3 0.12184510176359378 0.12890625 0.24270755766563057 0.2578125
3 0.3857438274533343 0.11835706846155052 0.25537133197589 0.23671413692310103
3 0.40978327227409456 0.35092815704432556 0.24830246042459247 0.25381577469461664
0 0.15813556309269747 0.3833308730256539 0.241888686114333 0.2502171780139645
4 0.17288189506858753 0.6347749738554909 0.2105567989592033 0.24628669461070415
4 0.1800647105361342 0.8765956209510615 0.22281113749381404 0.2425463879720084