0 0.11514749752854206 0.13680217907416656 0.23029499505708412 0.24827064185166686
2 0.35858713832728234 0.12125851199396667 0.248803550417742 0.24251702398793334
3 0.611535724791129 0.10736077398793331 0.26430121642535304 0.21472154797586662
3 0.8584425582892262 0.10161158002657059 0.2643648834215476 0.20322316005314117
3 0.35696233543808253 0.36779950620525304 0.24912188539871388 0.2580095148871962
3 0.6035654214076376 0.34383750558608045 0.25569022037968575 0.26611311331561965
3 0.6067554525108265 0.5908751714256807 0.2550535504177418 0.25048811331561965
3 0.6098181496216267 0.8410378372652809 0.26669138737588016 0.2681850355653605
0 0.11103501184440756 0.38874566873508437 0.22207002368881512 0.23362594499482006
4 0.8597026748676788 0.3155326073242728 0.2601867193911026 0.26164393713693723
0 0.36037520102795184 0.6093684220448532 0.23279654844057554 0.24009426881613755
4 0.36141248311972396 0.8518277497951121 0.26994372136826905 0.2714555847795722
4 0.11643283593237408 0.8760080742356025 0.23286567186474816 0.24536396567298446
0 0.12246661311841138 0.6310958345746845 0.24493322623682276 0.2713100355653605
0 0.8516050374917986 0.571673445413614 0.2571890533834914 0.2646233879227255
1 0.8468552346025987 0.8221999842887435 0.24606055239490807 0.25942646567298444