4 0.1234375 0.1203125 0.1875 0.20703125
4 0.6296875 0.8890625 0.196875 0.209375
2 0.12890625 0.378125 0.1703125 0.209375
2 0.378125 0.61875 0.18984375 0.196875
2 0.87734375 0.3890625 0.1828125 0.20703125
2 0.8765625 0.8921875 0.18046875 0.18984375
1 0.87109375 0.634375 0.1734375 0.178125
1 0.14609375 0.6359375 0.2015625 0.21640625
1 0.37734375 0.884375 0.1921875 0.196875
0 0.1296875 0.878125 0.196875 0.19453125
3 0.38125 0.13359375 0.17578125 0.2046875
3 0.38984375 0.378125 0.1703125 0.196875
3 0.6296875 0.3796875 0.19453125 0.19921875
3 0.621875 0.134375 0.18515625 0.209375
3 0.86640625 0.14296875 0.2046875 0.2015625
3 0.62578125 0.615625 0.1921875 0.21875