2 0.11314844694536763 0.12348568423848613 0.22066865514950224 0.24183604000775866
2 0.16255217380952486 0.39196474620697813 0.2058051187523077 0.22818812818904782
2 0.6539491293927658 0.31494153679446496 0.2058051187523077 0.22818812818904782
2 0.7074545751015158 0.831252191945216 0.22329300740125557 0.23427863152302777
4 0.9082857202334814 0.2861477596635839 0.1834285595330371 0.21428512485506798
4 0.17530819940937778 0.6155297919646128 0.20488296884459273 0.26230803667377883
0 0.38630534469361427 0.11446955173703137 0.19566865514950224 0.22893910347406274
0 0.6198793082964198 0.0966606207479362 0.2122553778516064 0.1933212414958724
1 0.4004631839885576 0.3544814952888943 0.21910615514950216 0.24170849425012406
1 0.4529277614064252 0.8300396046820108 0.20882998920265833 0.226880719704317
0 0.9132060097914365 0.5421266926941221 0.1735879804171269 0.19878767061270253
3 0.1995920103266911 0.8719233131764399 0.19673050740125567 0.23211035364324067
3 0.4276822277870078 0.5831486292278181 0.21718270974529402 0.26020340273485515
3 0.6697195334625339 0.561035286794465 0.21325667334809956 0.2474483112195859
3 0.9288286146640836 0.7937849164813249 0.14234277067183285 0.21792030788560623
3 0.8763097809985239 0.08059758513717338 0.22601748920265835 0.16119517027434677