4 0.14472940009882204 0.10245437153008485 0.2230411998023559 0.2049087430601697
4 0.5495984955853742 0.8536376233850114 0.22505872611071515 0.2292426187523077
2 0.11775956349299806 0.34348228485603505 0.2086902734657618 0.24220369370616518
2 0.33477494531714297 0.5864255467331109 0.23681527346576187 0.244006025599853
2 0.8601676003952882 0.35895167489848423 0.22109926820408993 0.24144223010335972
2 0.7948731982303275 0.8519297193152433 0.21248313140062186 0.20041671190476257
1 0.8224877769436437 0.604984868143224 0.21357519454068416 0.2191667119047624
1 0.11314692917919153 0.6021260996308598 0.22629385835838306 0.2618944324473983
1 0.2998183034637645 0.8525209161037275 0.22175171558737147 0.225917359653009
0 0.0862897556146077 0.8438723110741968 0.1725795112292154 0.23725537785160639
3 0.3996598238045802 0.11262815584625283 0.22624179451244916 0.22525631169250565
3 0.3768237503529358 0.34556071483942313 0.21292274715740253 0.23469158235511314
3 0.6148396898437095 0.348209643743077 0.24003127872743377 0.2457687846991515
3 0.6385025159261899 0.11231502313584278 0.22284377872743377 0.22463004627168556
3 0.8753276817394402 0.11906806601144235 0.2435202997741211 0.2381361320228847
3 0.5808308979620962 0.5846675778885182 0.23111130503579283 0.25298050740125555