2 0.18250669191141167 0.10918410245932804 0.23376338382282333 0.21836820491865608
2 0.6852298728251612 0.14139001005714497 0.2092369805034755 0.226118114166793
2 0.17257927531931655 0.3280472110669761 0.23087518216314945 0.22312037919390768
2 0.9084943871468155 0.8958542753788471 0.1830112257063689 0.19949198165323595
3 0.44007073817714526 0.11547903337387899 0.24264147635429048 0.23095806674775798
3 0.9023204392121194 0.14866565799060039 0.1953591215757612 0.22771697560311144
3 0.43985020830765853 0.3585376452029809 0.23807237552445368 0.23565674063022612
3 0.9097114997995075 0.6683287181972548 0.1805770004009851 0.21680674668035033
3 0.41137923695096734 0.8698660306434045 0.25800636722608383 0.25139082493918147
0 0.18143070520738086 0.836813677889489 0.25440777054543173 0.24512264422102206
0 0.9065012215804057 0.4104162242473791 0.18699755683918867 0.24184310811666876
1 0.15437834005588943 0.582952879684887 0.2019446987598889 0.19171584308955403
1 0.4122742730442314 0.6134978559753694 0.23437869046151913 0.2075226502711466
4 0.6456717265780052 0.8880428171405415 0.21176998465266034 0.21832379488495235
4 0.6706671135011062 0.6299712419067723 0.2341185813333123 0.2247010599120669
4 0.6826539375617342 0.3962047750842596 0.23577616971559473 0.2465760599120669