0 0.6740739394086338 0.4430463063877941 0.27299018728260194 0.2830348669791601
2 0.4222395988114487 0.6568546174382022 0.23395963819098747 0.2612237687959313
2 0.6767676021454286 0.6947045301749968 0.2559621839486221 0.26457190940281483
1 0.6736896259423297 0.9041923898579775 0.21275431788754579 0.19161522028404504
1 0.9086242825908929 0.9330185047111058 0.18275143481821415 0.13396299057778832
2 0.1846750523049081 0.8648433631861383 0.22267145182646947 0.23702099425012407
2 0.16068202167086929 0.12409068849054991 0.16591126879593135 0.22617934697528086
2 0.40653652667183915 0.16976907668153746 0.2227989975841041 0.23858349425012415
1 0.6645243698540981 0.2024691038124185 0.22034367728066223 0.22751844849248962
4 0.17699177425594312 0.3714280740964636 0.2152735400077587 0.22244831121958591
3 0.4117972089534712 0.4053399148628266 0.22981427212991132 0.24846867728066221
3 0.9101158600816796 0.4894421716999643 0.17976827983664095 0.21948280788560623
3 0.17404134381047884 0.6109849106107628 0.23070709243335297 0.25940617728066223
3 0.4276756242753398 0.8924501279595269 0.20105154334173853 0.2150997440809462
3 0.9082907321221526 0.24272653942803052 0.18341853575569472 0.25280549091614424
3 0.9137905304648608 0.7328095344270606 0.1724189390702783 0.240943219704317