2 0.1296875 0.13125 0.18984375 0.21875
2 0.8796875 0.38203125 0.18984375 0.2328125
2 0.6296875 0.38203125 0.196875 0.2359375
3 0.8703125 0.13125 0.178125 0.22109375
3 0.63203125 0.89140625 0.1734375 0.2171875
1 0.6296875 0.6453125 0.178125 0.19921875
1 0.8828125 0.8734375 0.19921875 0.22578125
3 0.38984375 0.1296875 0.1828125 0.23046875
1 0.38359375 0.38359375 0.1921875 0.2328125
0 0.38203125 0.6296875 0.2015625 0.22109375
0 0.3796875 0.87109375 0.21171875 0.2328125
0 0.1359375 0.38671875 0.17578125 0.2328125
0 0.878125 0.6296875 0.178125 0.178125
3 0.640625 0.13046875 0.19453125 0.2234375
3 0.1390625 0.62890625 0.18046875 0.2015625
0 0.1328125 0.87734375 0.18984375 0.2140625