1 0.13960540102618046 0.10998090681774098 0.24266419794763908 0.21996181363548195
1 0.3819695132990275 0.3399885605913662 0.22158928495361127 0.2738513145535659
0 0.387951982048229 0.10180213181289181 0.22395056553881965 0.20360426362578363
2 0.3551296838924995 0.5885854283194323 0.2163562710859029 0.2500311772806622
2 0.6346944697960414 0.33651364785457144 0.24299150626826407 0.2553244551604494
0 0.10939737661552063 0.6071113851468717 0.21879475323104125 0.2487237687959313
0 0.6023267665300687 0.8226105155826376 0.2193358007211808 0.2440362687959315
0 0.8943467992025693 0.10347710468201074 0.21072452013597243 0.20695420936402148
0 0.8742427065939232 0.5641452139059494 0.2236596248093754 0.228793906068835
3 0.6443104316113887 0.11217405044449447 0.2323449469977085 0.22434810088898893
2 0.8790438818401386 0.32436523678476664 0.2066903303564583 0.23676590273485507
4 0.12272179986815943 0.35569240635869903 0.21297669794763907 0.23883858576539313
0 0.3505642447785756 0.8517391325617979 0.20047669794763906 0.237818219704317
3 0.852671605435902 0.8208894214822948 0.23626872758291667 0.23450177212991113
3 0.6086358903895134 0.5850467427038204 0.23063697663298638 0.26055408909937317
3 0.09336128158359344 0.8484219113596689 0.18672256316718688 0.25357076546195145