0 0.13203125 0.1234375 0.2140625 0.24296875
3 0.634375 0.121875 0.21171875 0.23828125
3 0.87734375 0.1265625 0.2140625 0.22109375
3 0.3875 0.88125 0.228125 0.21640625
3 0.634375 0.88125 0.21171875 0.23046875
2 0.3734375 0.1265625 0.178125 0.21640625
2 0.125 0.378125 0.21171875 0.22109375
2 0.88125 0.871875 0.18046875 0.21640625
1 0.13203125 0.634375 0.2046875 0.21171875
1 0.37734375 0.6296875 0.2046875 0.209375
1 0.375 0.38125 0.15859375 0.18515625
2 0.88359375 0.6359375 0.1734375 0.21640625
4 0.63671875 0.63984375 0.2046875 0.2046875
4 0.884375 0.37578125 0.21171875 0.2046875
4 0.640625 0.38125 0.22109375 0.21875
3 0.134375 0.88671875 0.18046875 0.2140625