2 0.14973599212851565 0.36489573891872357 0.23486838441013064 0.2539792503386842
2 0.40890410920125975 0.14382407960104088 0.2459332184025195 0.25767746042459255
2 0.89962396245243 0.1977025898893478 0.20075207509514 0.23367339439121898
2 0.6406620810638204 0.4171298620519007 0.2355050543720747 0.2696042503386842
2 0.8911495706651065 0.43672746833805026 0.21770085866978697 0.24263231456303558
1 0.6474081936879401 0.16178062075832803 0.24000155338349138 0.2651624118040735
1 0.3961626645619175 0.40509577227409455 0.20492621642535314 0.246173394391219
2 0.8834318891059008 0.7014517096316231 0.23313622178819848 0.2669705732694627
4 0.3989984348650536 0.889341339608464 0.20754188045579794 0.2213173207830721
2 0.1405492649031097 0.8664648829712582 0.22048754942915877 0.24542976594251656
1 0.64625543684222 0.8991213319758901 0.22335788144438115 0.20175733604821994
0 0.8893224155505006 0.9094147800760106 0.22135516889899876 0.18117043984797868
0 0.15734160920125972 0.1306402476251508 0.23968321840251944 0.2573499118040735
0 0.4011843814815622 0.6431313608087053 0.20071887749004844 0.21944712008095948
3 0.14467971349678463 0.6234518673674261 0.23949221741393628 0.2526624118040736
0 0.6458747989720482 0.6598529505865114 0.21816104547482595 0.22659787878738663