2 0.5963815376338122 0.34816170251082657 0.25574456199704765 0.24574221741393637
2 0.33726256323366516 0.13586592684484508 0.2438453392949434 0.2546078814443812
2 0.10947062538759618 0.6580141353615329 0.21894125077519236 0.2211587114824372
4 0.8567578331303054 0.3219679811425576 0.2551833574935408 0.261303550417742
4 0.12294432372646502 0.8903027119395478 0.23655447100406107 0.21379188045579803
4 0.10024102945736427 0.17707981174926735 0.20048205891472853 0.2395903765014653
2 0.11241275755813915 0.4097503903044487 0.2248255151162783 0.24873988342154743
4 0.35856615284237564 0.618108082472333 0.256245209745294 0.25355471741393637
4 0.6082052074381675 0.5892350300774247 0.2278803778516064 0.22434737847863176
0 0.8486497347360634 0.5700871461615856 0.2370155459579184 0.19666804745199223
1 0.3774711374215555 0.8581136585560565 0.26435809839424207 0.25856055239490844
3 0.35793030691214367 0.37268283593237406 0.21648180289774893 0.24102554250907654
3 0.8282973758490215 0.09200583889812361 0.20903024830195704 0.18401167779624722
3 0.8504172840900679 0.8100118092034474 0.205844691546697 0.2452673735357159
3 0.6181159238187501 0.8358407746402172 0.2621342643410859 0.2724957184025193
0 0.5823340337763009 0.10770111756703567 0.26345693244739826 0.21540223513407133