3 0.10370066155898694 0.15334103053712983 0.20740132311797388 0.24644293892574032
3 0.5965646407987404 0.09346473489608845 0.21659854547482596 0.1869294697921769
3 0.8435178952473645 0.0682757975491211 0.18171420950527092 0.1365515950982422
3 0.8585858438410394 0.2689649709699554 0.20986838441013092 0.2596852327051848
3 0.1343897266939333 0.8858124864748614 0.1815232085166877 0.21361131508027748
3 0.3589572810660079 0.6092719444388434 0.19284271049385407 0.22394322233759228
3 0.3804980641463632 0.8448191737036582 0.23311488342154743 0.2570482482565737
4 0.34463738486724116 0.12009186724754697 0.21060321345960364 0.23950943374194403
4 0.6084757558943179 0.3126437863330568 0.19934737847863176 0.23074002648462927
1 0.12391377760596678 0.6461833499527317 0.20709621148243723 0.22986103166842559
1 0.8768292360854735 0.776484945050974 0.18547587946721472 0.2341972171537961
2 0.11051705285201878 0.398712319132778 0.22103410570403756 0.2600365472198144
2 0.8683932894689649 0.525000357492085 0.22361254942915884 0.2531030420360182
2 0.3629258339552077 0.35903749858588035 0.22354888243296428 0.25154054203601806
2 0.6206269515222435 0.5684741213000475 0.22967154844057552 0.24896234618305507
3 0.6237851491273352 0.815749662487594 0.21427204152049342 0.2149195368522218