2 0.13966567242524888 0.1184846976422728 0.23004365514950226 0.233786045474826
2 0.38593989512735294 0.13791908304098666 0.21441865514950226 0.2331493755128821
2 0.6455454326042818 0.15711338790735283 0.2223312846991515 0.23503021049385406
2 0.8855498689091912 0.18882493881938633 0.22269223010335965 0.21634387749004844
2 0.34937612970653287 0.3784658285923624 0.25352072794389136 0.25967738342154745
2 0.8309522925710577 0.6863392673745676 0.2605321915466966 0.2474957184025195
3 0.11927807526301189 0.36075311068413446 0.23855615052602377 0.26630938539871385
3 0.851660520514949 0.43653026836315084 0.22106917334809956 0.23965404349765967
2 0.3367109392395702 0.6372187460828483 0.2543823210963462 0.2488035504177418
0 0.08584455583240953 0.8638316897336076 0.17168911166481907 0.25891337946721504
0 0.29632126697120487 0.8811538174522111 0.2312452097452941 0.23769236509557778
1 0.579760032392025 0.6580882974891734 0.2585691733480996 0.24118205140632512
1 0.7989258328257638 0.9095884945999735 0.24789248920265833 0.18082301080005295
0 0.5522208135474322 0.889460383915839 0.27323245064599533 0.22107923216832184
3 0.10655517890365387 0.6127785257031626 0.21311035780730775 0.2693070514063251
3 0.6096930660114424 0.4110050504549229 0.2440060255998528 0.23279654844057554