4 0.35078981947823246 0.13076716920708603 0.20442492134838536 0.22461924668035033
4 0.3847031519404762 0.8813257054096354 0.20592378883482798 0.21369083703942984
0 0.8737348774453917 0.6152082633767947 0.20126355991206707 0.2183510659621911
0 0.6094108405554713 0.12457521477940928 0.2154987767345796 0.24812037919390764
3 0.12029834358053344 0.13601424717132962 0.2231658309893057 0.22316583098930573
3 0.1298313831027325 0.3773568646577723 0.21387264422102228 0.23717378883482798
3 0.38293820238457327 0.37900922648687424 0.18718287919390758 0.2151442527304745
3 0.6149739975641131 0.376878058163551 0.19650333703942985 0.20582379488495217
3 0.8861995577707675 0.3526446308632373 0.19328743344863356 0.19018061416679294
3 0.6534440615813966 0.881324663647941 0.17936128883482816 0.21353630093507653
3 0.8886684892744936 0.8682378146064587 0.17760789129415605 0.18071471057599667
3 0.3884468172387373 0.640687069871016 0.17934310811666876 0.21041130093507637
0 0.13374113652057806 0.6452937984009937 0.21539878278470379 0.23093287919390768
2 0.12375201640185676 0.8851875453759316 0.20288969242562419 0.22929765632127044
1 0.6268144256499937 0.6244570401113743 0.1982203731437835 0.23239538524403186
1 0.8728148104030462 0.10194973927449369 0.18083288524403188 0.19792039129415606