2 0.4143642528954842 0.10686846245727004 0.29002149420903167 0.21373692491454008
2 0.8613290283311595 0.3853184759181192 0.2514341832079957 0.27258100831327026
4 0.8363310665871164 0.637267420824412 0.21502149420903188 0.22783079796757127
4 0.08652275424078229 0.8258828869095917 0.17304550848156458 0.204438762074194
2 0.8877075535574379 0.13723031690520374 0.2199273180303493 0.23265469028743926
2 0.16138480210969583 0.10699414608079175 0.23035539578060832 0.2139882921615835
1 0.6622901765929672 0.1369812024613937 0.20634000702931346 0.2739624049227874
1 0.8033943263070261 0.8754039183171294 0.2155651497095498 0.20600126207419364
3 0.12374129115144109 0.3584082304039587 0.21760283870851374 0.249751262074194
3 0.373030661705771 0.3831424912910184 0.22301808477957233 0.26551265439406196
3 0.09635049938082746 0.5941555137900535 0.19270099876165492 0.21648412100796718
3 0.3441992245688338 0.6336425964638679 0.2298845148871962 0.24542747492717537
3 0.3300681422704609 0.8532875067304246 0.23304374813797316 0.21275136724704352
3 0.5960164356937043 0.6208541252976162 0.23718759263745515 0.2347172954602888
3 0.6208131902418182 0.38997619833801206 0.2245420434232434 0.23122858260730733
1 0.554449558110061 0.8600219253767584 0.25517561331561966 0.25240490063313814